#Volumen Sources
volume1     area_source_CC_0     crustal     16.75 null 0    1    50    0     1     1  -77.419  8.570  -20.00  -78.237  7.937  -20.00  -78.867  7.307  -20.00  -80.319  7.265  -20.00  -81.026  7.485  -20.00  -80.849  8.889  -20.00  -79.981  9.303  -20.00  -79.666  9.460  -20.00  -79.099  9.538  -20.00  -78.576  9.368  -20.00  -77.984  9.115  -20.00  -77.500  8.667  -20.00
volume1     area_source_CC_1     crustal     71.00 null 0    1    50    0    20     5  -71.256  7.653  -20.00  -71.502  6.579  -20.00  -72.371  6.176  -20.00  -72.677  7.057  -20.00  -72.628  7.728  -20.00  -72.535  7.900  -20.00  -72.043  7.523  -20.00  -71.256  7.653  -20.00
volume1     area_source_CC_2     crustal      0.00 null 0    1    50    0    20     5  -73.237  7.343  -20.00  -72.760  6.004  -20.00  -72.819  5.681  -20.00  -74.033  4.316  -20.00  -74.219  3.802  -20.00  -74.478  3.666  -20.00  -75.035  3.098  -20.00  -74.702  4.247  -20.00  -74.590  4.437  -20.00  -74.562  4.551  -20.00  -74.408  5.347  -20.00  -74.259  5.684  -20.00  -73.708  6.287  -20.00  -73.597  6.481  -20.00  -73.500  6.652  -20.00  -73.417  6.912  -20.00  -73.237  7.343  -20.00
volume1     area_source_CC_3     crustal     16.81 null 0    1    50    0    20     5  -72.371  6.176  -20.00  -71.502  6.579  -20.00  -71.684  5.863  -20.00  -71.688  5.855  -20.00  -71.861  5.532  -20.00  -71.868  5.524  -20.00  -72.300  5.007  -20.00  -72.708  4.510  -20.00  -72.717  4.499  -20.00  -73.083  4.242  -20.00  -73.243  4.042  -20.00  -73.397  3.939  -20.00  -73.665  3.682  -20.00  -74.071  3.813  -20.00  -74.219  3.802  -20.00  -74.033  4.316  -20.00  -72.819  5.681  -20.00  -72.760  6.004  -20.00  -72.371  6.176  -20.00
volume1     area_source_CC_4     crustal    129.00 null 0    1    50    0    20     5  -72.717  4.499  -20.00  -72.749  4.193  -20.00  -73.055  3.716  -20.00  -73.610  2.897  -20.00  -73.611  2.888  -20.00  -73.761  2.203  -20.00  -74.648  1.890  -20.00  -74.980  1.657  -20.00  -75.944  0.974  -20.00  -76.707  0.426  -20.00  -77.094  0.016  -20.00  -77.601  0.182  -20.00  -77.423  0.554  -20.00  -77.299  0.742  -20.00  -76.635  1.225  -20.00  -76.007  1.529  -20.00  -75.800  1.770  -20.00  -75.715  1.877  -20.00  -74.665  2.888  -20.00  -74.133  3.328  -20.00  -73.859  3.522  -20.00  -73.665  3.682  -20.00  -73.397  3.939  -20.00  -73.243  4.042  -20.00  -73.083  4.242  -20.00  -72.717  4.499  -20.00
volume1     area_source_CC_5     crustal      0.00 null 0    1    50    0    20     5  -73.665  3.682  -20.00  -73.859  3.522  -20.00  -74.133  3.328  -20.00  -74.665  2.888  -20.00  -75.715  1.877  -20.00  -75.800  1.770  -20.00  -76.102  1.780  -20.00  -76.308  1.846  -20.00  -76.157  1.978  -20.00  -75.035  3.098  -20.00  -74.478  3.666  -20.00  -74.219  3.802  -20.00  -74.071  3.813  -20.00  -73.665  3.682  -20.00
volume1     area_source_CC_51    crustal   -127.50 null 0    1    50    0    20     5  -68.946  10.977  -20.00  -69.784  11.133  -20.00  -70.705  10.960  -20.00  -71.362  11.052  -20.00  -72.086  11.362  -20.00  -75.132  11.605  -20.00  -75.010  11.729  -20.00  -74.388  12.064  -20.00  -73.972  12.358  -20.00  -73.393  13.050  -20.00  -73.135  13.270  -20.00  -72.946  13.415  -20.00  -72.714  13.496  -20.00  -71.003  13.509  -20.00  -70.757  13.471  -20.00  -70.078  13.012  -20.00  -69.650  12.654  -20.00  -69.417  12.295  -20.00  -69.216  11.911  -20.00  -68.619  11.656  -20.00  -68.008  11.395  -20.00  -67.565  10.800  -20.00  -68.543  10.800  -20.00  -68.946  10.977  -20.00
volume1     area_source_CC_52    crustal      0.00 null 0    1    50    0    20     5  -71.930  10.813  -20.00  -72.741  9.771  -20.00  -72.743  9.249  -20.00  -73.842  9.414  -20.00  -74.255  10.739  -20.00  -74.374  11.167  -20.00  -72.273  10.953  -20.00  -71.930  10.813  -20.00
volume1     area_source_CC_53    crustal     54.20 null 0    1    50    0    20     5  -69.210  10.615  -20.00  -71.198  9.151  -20.00  -72.326  8.278  -20.00  -72.743  9.249  -20.00  -72.741  9.771  -20.00  -71.930  10.813  -20.00  -71.391  10.592  -20.00  -70.699  10.539  -20.00  -69.802  10.681  -20.00  -69.210  10.615  -20.00
volume1     area_source_CC_55    crustal      7.38 null 0    1    50    0    20     5  -69.210  10.615  -20.00  -68.547  10.300  -20.00  -68.953  9.660  -20.00  -71.203  7.747  -20.00  -71.256  7.653  -20.00  -72.043  7.523  -20.00  -72.535  7.900  -20.00  -72.326  8.278  -20.00  -71.198  9.151  -20.00  -69.210  10.615  -20.00
volume1     area_source_CC_56    crustal      0.00 null 0    1    50    0    20     5  -72.743  9.249  -20.00  -72.326  8.278  -20.00  -72.535  7.900  -20.00  -72.628  7.728  -20.00  -72.677  7.057  -20.00  -72.371  6.176  -20.00  -72.760  6.004  -20.00  -73.237  7.343  -20.00  -73.842  9.414  -20.00  -72.743  9.249  -20.00
volume1     area_source_CC_57    crustal    136.00 null 0    1    50    0    20     5  -73.842  9.414  -20.00  -73.237  7.343  -20.00  -73.417  6.912  -20.00  -73.500  6.652  -20.00  -73.708  6.287  -20.00  -74.259  5.684  -20.00  -74.408  5.347  -20.00  -74.562  4.551  -20.00  -74.916  4.588  -20.00  -74.870  5.227  -20.00  -74.602  6.498  -20.00  -74.491  6.701  -20.00  -74.408  7.215  -20.00  -74.416  7.971  -20.00  -74.345  8.539  -20.00  -74.137  9.042  -20.00  -73.842  9.414  -20.00
volume1     area_source_CC_58    crustal      2.00 null 0    1    50    0    20     5  -74.255  10.739  -20.00  -73.842  9.414  -20.00  -74.137  9.042  -20.00  -74.345  8.539  -20.00  -74.459  8.488  -20.00  -74.997  7.701  -20.00  -75.227  7.406  -20.00  -75.818  6.498  -20.00  -75.810  7.192  -20.00  -75.667  7.823  -20.00  -75.616  8.174  -20.00  -75.624  8.537  -20.00  -75.447  9.119  -20.00  -75.145  9.530  -20.00  -74.839  10.250  -20.00  -74.508  10.667  -20.00  -74.255  10.739  -20.00
volume1     area_source_CC_59    crustal      0.00 null 0    1    50    0    20     5  -74.374  11.167  -20.00  -74.255  10.739  -20.00  -74.508  10.667  -20.00  -74.839  10.250  -20.00  -75.145  9.530  -20.00  -75.447  9.119  -20.00  -75.624  8.537  -20.00  -75.616  8.174  -20.00  -75.667  7.823  -20.00  -75.769  7.374  -20.00  -75.810  7.192  -20.00  -75.818  6.498  -20.00  -76.572  7.831  -20.00  -77.007  8.900  -20.00  -77.010  9.251  -20.00  -76.942  9.662  -20.00  -76.843  10.119  -20.00  -76.714  10.347  -20.00  -76.569  10.522  -20.00  -76.409  10.675  -20.00  -76.150  10.766  -20.00  -75.906  10.797  -20.00  -75.815  10.972  -20.00  -75.670  11.231  -20.00  -75.299  11.263  -20.00  -74.374  11.167  -20.00
volume1     area_source_CC_61    crustal     26.99 null 0    1    50    0    20     5  -77.007  8.900  -20.00  -76.572  7.831  -20.00  -75.818  6.498  -20.00  -76.312  6.185  -20.00  -76.984  5.939  -20.00  -77.099  6.441  -20.00  -77.332  6.919  -20.00  -78.237  7.937  -20.00  -77.419  8.570  -20.00  -77.007  8.900  -20.00
volume1     area_source_CC_64    crustal      0.00 null 0    1    50    0    20     5  -74.345  8.539  -20.00  -74.416  7.971  -20.00  -74.408  7.215  -20.00  -74.491  6.701  -20.00  -74.602  6.498  -20.00  -74.870  5.227  -20.00  -74.916  4.588  -20.00  -75.332  4.484  -20.00  -75.392  4.438  -20.00  -75.887  4.971  -20.00  -75.843  5.375  -20.00  -75.853  5.797  -20.00  -75.851  6.194  -20.00  -75.818  6.498  -20.00  -75.227  7.406  -20.00  -74.997  7.701  -20.00  -74.459  8.488  -20.00  -74.345  8.539  -20.00
volume1     area_source_CC_66    crustal      0.00 null 0    1    50    0    20     5  -74.562  4.551  -20.00  -74.590  4.437  -20.00  -74.702  4.247  -20.00  -75.035  3.098  -20.00  -76.157  1.978  -20.00  -76.308  1.846  -20.00  -76.479  1.803  -20.00  -76.070  2.437  -20.00  -75.653  3.175  -20.00  -75.575  3.552  -20.00  -75.251  4.022  -20.00  -74.925  4.471  -20.00  -74.727  4.568  -20.00  -74.562  4.551  -20.00
volume1     area_source_CC_67    crustal     89.00 null 0    1    50    0    20     5  -74.727  4.568  -20.00  -74.925  4.471  -20.00  -75.251  4.022  -20.00  -75.575  3.552  -20.00  -75.653  3.175  -20.00  -75.722  3.055  -20.00  -76.072  2.435  -20.00  -76.479  1.803  -20.00  -76.852  1.658  -20.00  -77.075  1.513  -20.00  -76.662  2.255  -20.00  -76.437  2.638  -20.00  -76.277  3.064  -20.00  -76.153  3.491  -20.00  -75.693  4.252  -20.00  -75.392  4.438  -20.00  -75.332  4.484  -20.00  -74.916  4.588  -20.00  -74.727  4.568  -20.00
volume1     area_source_CC_68    crustal    -34.75 null 0    1    50    0    20     5  -75.392  4.438  -20.00  -75.693  4.252  -20.00  -76.153  3.491  -20.00  -76.277  3.064  -20.00  -76.437  2.638  -20.00  -76.662  2.255  -20.00  -77.075  1.513  -20.00  -78.268  0.761  -20.00  -77.364  2.167  -20.00  -76.872  2.907  -20.00  -76.446  3.737  -20.00  -76.065  4.472  -20.00  -75.887  4.971  -20.00  -75.392  4.438  -20.00
volume1     area_source_CC_69    crustal      0.00 null 0    1    50    0    20     5  -75.887  4.971  -20.00  -76.065  4.472  -20.00  -76.214  4.313  -20.00  -76.600  4.146  -20.00  -77.059  3.938  -20.00  -77.544  3.643  -20.00  -77.419  3.995  -20.00  -77.119  4.683  -20.00  -76.958  5.318  -20.00  -76.966  5.713  -20.00  -76.984  5.939  -20.00  -76.312  6.185  -20.00  -75.818  6.498  -20.00  -75.853  5.797  -20.00  -75.843  5.375  -20.00  -75.887  4.971  -20.00
volume1     area_source_CC_70    crustal   -179.00 null 0    1    50    0    20     5  -75.800  1.770  -20.00  -76.007  1.529  -20.00  -76.600  1.100  -20.00  -77.200  0.800  -20.00  -77.423  0.554  -20.00  -77.601  0.182  -20.00  -77.937  0.449  -20.00  -78.268  0.761  -20.00  -77.075  1.513  -20.00  -76.852  1.658  -20.00  -76.479  1.803  -20.00  -76.308  1.846  -20.00  -76.102  1.780  -20.00  -75.800  1.770  -20.00
volume1     area_source_CC_71    crustal     27.00 null 0    1    50    0    20     5  -76.065  4.472  -20.00  -76.446  3.737  -20.00  -76.753  3.139  -20.00  -76.872  2.907  -20.00  -77.364  2.167  -20.00  -78.268  0.761  -20.00  -78.987  1.186  -20.00  -78.024  2.698  -20.00  -77.644  3.361  -20.00  -77.544  3.643  -20.00  -77.059  3.938  -20.00  -76.600  4.146  -20.00  -76.214  4.313  -20.00  -76.065  4.472  -20.00
volume1     area_source_CC_72    crustal    105.00 null 0    1    50    0    20     5  -77.094  0.016  -20.00  -77.540  -1.410  -20.00  -78.083  -1.249  -20.00  -77.601  0.182  -20.00  -77.094  0.016  -20.00
volume1     area_source_CC_73    crustal     23.61 null 0    1    50    0    20     5  -77.601  0.182  -20.00  -78.083  -1.249  -20.00  -78.591  -1.003  -20.00  -77.937  0.449  -20.00  -77.601  0.182  -20.00
volume1     area_source_CC_74    crustal     71.50 null 0    1    50    0    20     5  -77.937  0.449  -20.00  -78.591  -1.003  -20.00  -79.195  -0.808  -20.00  -78.268  0.761  -20.00  -77.937  0.449  -20.00
volume1     area_source_CC_75    crustal      0.00 null 0    1    50    0    20     5  -78.268  0.761  -20.00  -79.195  -0.808  -20.00  -79.966  -0.573  -20.00  -78.987  1.186  -20.00  -78.268  0.761  -20.00
volume1     area_source_CC_76    crustal   -122.25 null 0    1    50    0    20     5  -71.930  10.813  -20.00  -71.727  11.208  -20.00  -71.362  11.052  -20.00  -70.705  10.960  -20.00  -69.784  11.133  -20.00  -68.946  10.977  -20.00  -68.543  10.800  -20.00  -67.565  10.800  -20.00  -67.555  10.355  -20.00  -68.547  10.300  -20.00  -69.210  10.615  -20.00  -69.802  10.681  -20.00  -70.699  10.539  -20.00  -71.391  10.592  -20.00  -71.930  10.813  -20.00
volume1     area_source_CC_77    crustal      0.00 null 0    1    50    0    20     5  -71.727  11.208  -20.00  -71.930  10.813  -20.00  -72.273  10.953  -20.00  -74.374  11.167  -20.00  -75.299  11.263  -20.00  -75.132  11.605  -20.00  -72.086  11.362  -20.00  -71.727  11.208  -20.00
volume1     area_source_CC_78    crustal    -99.00 null 0    1    50    0    20     5  -83.138  11.305  -20.00  -82.249  12.717  -20.00  -81.658  14.257  -20.00  -80.808  13.885  -20.00  -81.344  12.421  -20.00  -82.281  10.865  -20.00  -83.138  11.305  -20.00
volume1     area_source_CC_79    crustal    -50.00 null 0    1    50    0    20     5  -77.540  -1.410  -20.00  -77.094  0.016  -20.00  -76.707  0.426  -20.00  -75.944  0.974  -20.00  -74.980  1.657  -20.00  -74.648  1.890  -20.00  -73.761  2.203  -20.00  -73.610  2.897  -20.00  -73.055  3.716  -20.00  -72.749  4.193  -20.00  -72.708  4.510  -20.00  -72.300  5.007  -20.00  -71.868  5.524  -20.00  -71.688  5.855  -20.00  -71.504  6.582  -20.00  -71.256  7.653  -20.00  -71.203  7.747  -20.00  -67.125  6.286  -20.00  -66.791  1.166  -20.00  -69.922  -4.609  -20.00  -77.540  -1.410  -20.00