Option 0 - Global Parameters
Projection   : ECEF
Image        : 
Boundary     : 
ShearModulus : 3e11      #dyne/cm2
IM           : 0
im           : 
MaxDistance  : 500
MagDiscrete  : gauss 1
Sigma        : overwrite 0
PCE          : shuffle MC 500
IM1          : 0.01
IM2          : 1
Spatial      : 
Spectral     : 
SourceDeagg  : on
Clusters     : off 100 1

Option 1 - Logic Tree Weights
Geom Weight : 1
Gmpe Weight : 1
Mscl Weight : 1 

Option 2 - Source Geometry
geometry 1 # Ztor = 15, W = 15*sqrt(2), L = 10, dip = 45°
#area1 S1 crustal strike-slip wc1994 0 1 10 6 2 0 rigid 0  -5 -25  15 -5 -40  15  5 -40 0   5 -25
#area2  S1 crustal strike-slip wc1994 0 1 | 0 45 | 10 21.213 | 1 2 | 0 -5 -25
point2 S1 crustal strike-slip 1 7.5000 0  -32.5000 | 0 -5 -25 0.681818181818182 -5 -25.6818181818182 1.36363636363636 -5 -26.3636363636364 2.04545454545455 -5 -27.0454545454545 2.72727272727273 -5 -27.7272727272727 3.40909090909091 -5 -28.4090909090909 4.09090909090909 -5 -29.0909090909091 4.77272727272727 -5 -29.7727272727273 5.45454545454545 -5 -30.4545454545455 6.13636363636364 -5 -31.1363636363636 6.81818181818182 -5 -31.8181818181818 7.5 -5 -32.5 8.18181818181818 -5 -33.1818181818182 8.86363636363636 -5 -33.8636363636364 9.54545454545454 -5 -34.5454545454545 10.2272727272727 -5 -35.2272727272727 10.9090909090909 -5 -35.9090909090909 11.5909090909091 -5 -36.5909090909091 12.2727272727273 -5 -37.2727272727273 12.9545454545455 -5 -37.9545454545455 13.6363636363636 -5 -38.6363636363636 14.3181818181818 -5 -39.3181818181818 15 -5 -40 0 -4 -25 0.681818181818182 -4 -25.6818181818182 1.36363636363636 -4 -26.3636363636364 2.04545454545455 -4 -27.0454545454545 2.72727272727273 -4 -27.7272727272727 3.40909090909091 -4 -28.4090909090909 4.09090909090909 -4 -29.0909090909091 4.77272727272727 -4 -29.7727272727273 5.45454545454545 -4 -30.4545454545455 6.13636363636364 -4 -31.1363636363636 6.81818181818182 -4 -31.8181818181818 7.5 -4 -32.5 8.18181818181818 -4 -33.1818181818182 8.86363636363636 -4 -33.8636363636364 9.54545454545454 -4 -34.5454545454545 10.2272727272727 -4 -35.2272727272727 10.9090909090909 -4 -35.9090909090909 11.5909090909091 -4 -36.5909090909091 12.2727272727273 -4 -37.2727272727273 12.9545454545455 -4 -37.9545454545455 13.6363636363636 -4 -38.6363636363636 14.3181818181818 -4 -39.3181818181818 15 -4 -40 0 -3 -25 0.681818181818182 -3 -25.6818181818182 1.36363636363636 -3 -26.3636363636364 2.04545454545455 -3 -27.0454545454545 2.72727272727273 -3 -27.7272727272727 3.40909090909091 -3 -28.4090909090909 4.09090909090909 -3 -29.0909090909091 4.77272727272727 -3 -29.7727272727273 5.45454545454545 -3 -30.4545454545455 6.13636363636364 -3 -31.1363636363636 6.81818181818182 -3 -31.8181818181818 7.5 -3 -32.5 8.18181818181818 -3 -33.1818181818182 8.86363636363636 -3 -33.8636363636364 9.54545454545454 -3 -34.5454545454545 10.2272727272727 -3 -35.2272727272727 10.9090909090909 -3 -35.9090909090909 11.5909090909091 -3 -36.5909090909091 12.2727272727273 -3 -37.2727272727273 12.9545454545455 -3 -37.9545454545455 13.6363636363636 -3 -38.6363636363636 14.3181818181818 -3 -39.3181818181818 15 -3 -40 0 -2 -25 0.681818181818182 -2 -25.6818181818182 1.36363636363636 -2 -26.3636363636364 2.04545454545455 -2 -27.0454545454545 2.72727272727273 -2 -27.7272727272727 3.40909090909091 -2 -28.4090909090909 4.09090909090909 -2 -29.0909090909091 4.77272727272727 -2 -29.7727272727273 5.45454545454545 -2 -30.4545454545455 6.13636363636364 -2 -31.1363636363636 6.81818181818182 -2 -31.8181818181818 7.5 -2 -32.5 8.18181818181818 -2 -33.1818181818182 8.86363636363636 -2 -33.8636363636364 9.54545454545454 -2 -34.5454545454545 10.2272727272727 -2 -35.2272727272727 10.9090909090909 -2 -35.9090909090909 11.5909090909091 -2 -36.5909090909091 12.2727272727273 -2 -37.2727272727273 12.9545454545455 -2 -37.9545454545455 13.6363636363636 -2 -38.6363636363636 14.3181818181818 -2 -39.3181818181818 15 -2 -40 0 -1 -25 0.681818181818182 -1 -25.6818181818182 1.36363636363636 -1 -26.3636363636364 2.04545454545455 -1 -27.0454545454545 2.72727272727273 -1 -27.7272727272727 3.40909090909091 -1 -28.4090909090909 4.09090909090909 -1 -29.0909090909091 4.77272727272727 -1 -29.7727272727273 5.45454545454545 -1 -30.4545454545455 6.13636363636364 -1 -31.1363636363636 6.81818181818182 -1 -31.8181818181818 7.5 -1 -32.5 8.18181818181818 -1 -33.1818181818182 8.86363636363636 -1 -33.8636363636364 9.54545454545454 -1 -34.5454545454545 10.2272727272727 -1 -35.2272727272727 10.9090909090909 -1 -35.9090909090909 11.5909090909091 -1 -36.5909090909091 12.2727272727273 -1 -37.2727272727273 12.9545454545455 -1 -37.9545454545455 13.6363636363636 -1 -38.6363636363636 14.3181818181818 -1 -39.3181818181818 15 -1 -40 0 0 -25 0.681818181818182 0 -25.6818181818182 1.36363636363636 0 -26.3636363636364 2.04545454545455 0 -27.0454545454545 2.72727272727273 0 -27.7272727272727 3.40909090909091 0 -28.4090909090909 4.09090909090909 0 -29.0909090909091 4.77272727272727 0 -29.7727272727273 5.45454545454545 0 -30.4545454545455 6.13636363636364 0 -31.1363636363636 6.81818181818182 0 -31.8181818181818 7.5 0 -32.5 8.18181818181818 0 -33.1818181818182 8.86363636363636 0 -33.8636363636364 9.54545454545454 0 -34.5454545454545 10.2272727272727 0 -35.2272727272727 10.9090909090909 0 -35.9090909090909 11.5909090909091 0 -36.5909090909091 12.2727272727273 0 -37.2727272727273 12.9545454545455 0 -37.9545454545455 13.6363636363636 0 -38.6363636363636 14.3181818181818 0 -39.3181818181818 15 0 -40 0 1 -25 0.681818181818182 1 -25.6818181818182 1.36363636363636 1 -26.3636363636364 2.04545454545455 1 -27.0454545454545 2.72727272727273 1 -27.7272727272727 3.40909090909091 1 -28.4090909090909 4.09090909090909 1 -29.0909090909091 4.77272727272727 1 -29.7727272727273 5.45454545454545 1 -30.4545454545455 6.13636363636364 1 -31.1363636363636 6.81818181818182 1 -31.8181818181818 7.5 1 -32.5 8.18181818181818 1 -33.1818181818182 8.86363636363636 1 -33.8636363636364 9.54545454545454 1 -34.5454545454545 10.2272727272727 1 -35.2272727272727 10.9090909090909 1 -35.9090909090909 11.5909090909091 1 -36.5909090909091 12.2727272727273 1 -37.2727272727273 12.9545454545455 1 -37.9545454545455 13.6363636363636 1 -38.6363636363636 14.3181818181818 1 -39.3181818181818 15 1 -40 0 2 -25 0.681818181818182 2 -25.6818181818182 1.36363636363636 2 -26.3636363636364 2.04545454545455 2 -27.0454545454545 2.72727272727273 2 -27.7272727272727 3.40909090909091 2 -28.4090909090909 4.09090909090909 2 -29.0909090909091 4.77272727272727 2 -29.7727272727273 5.45454545454545 2 -30.4545454545455 6.13636363636364 2 -31.1363636363636 6.81818181818182 2 -31.8181818181818 7.5 2 -32.5 8.18181818181818 2 -33.1818181818182 8.86363636363636 2 -33.8636363636364 9.54545454545454 2 -34.5454545454545 10.2272727272727 2 -35.2272727272727 10.9090909090909 2 -35.9090909090909 11.5909090909091 2 -36.5909090909091 12.2727272727273 2 -37.2727272727273 12.9545454545455 2 -37.9545454545455 13.6363636363636 2 -38.6363636363636 14.3181818181818 2 -39.3181818181818 15 2 -40 0 3 -25 0.681818181818182 3 -25.6818181818182 1.36363636363636 3 -26.3636363636364 2.04545454545455 3 -27.0454545454545 2.72727272727273 3 -27.7272727272727 3.40909090909091 3 -28.4090909090909 4.09090909090909 3 -29.0909090909091 4.77272727272727 3 -29.7727272727273 5.45454545454545 3 -30.4545454545455 6.13636363636364 3 -31.1363636363636 6.81818181818182 3 -31.8181818181818 7.5 3 -32.5 8.18181818181818 3 -33.1818181818182 8.86363636363636 3 -33.8636363636364 9.54545454545454 3 -34.5454545454545 10.2272727272727 3 -35.2272727272727 10.9090909090909 3 -35.9090909090909 11.5909090909091 3 -36.5909090909091 12.2727272727273 3 -37.2727272727273 12.9545454545455 3 -37.9545454545455 13.6363636363636 3 -38.6363636363636 14.3181818181818 3 -39.3181818181818 15 3 -40 0 4 -25 0.681818181818182 4 -25.6818181818182 1.36363636363636 4 -26.3636363636364 2.04545454545455 4 -27.0454545454545 2.72727272727273 4 -27.7272727272727 3.40909090909091 4 -28.4090909090909 4.09090909090909 4 -29.0909090909091 4.77272727272727 4 -29.7727272727273 5.45454545454545 4 -30.4545454545455 6.13636363636364 4 -31.1363636363636 6.81818181818182 4 -31.8181818181818 7.5 4 -32.5 8.18181818181818 4 -33.1818181818182 8.86363636363636 4 -33.8636363636364 9.54545454545454 4 -34.5454545454545 10.2272727272727 4 -35.2272727272727 10.9090909090909 4 -35.9090909090909 11.5909090909091 4 -36.5909090909091 12.2727272727273 4 -37.2727272727273 12.9545454545455 4 -37.9545454545455 13.6363636363636 4 -38.6363636363636 14.3181818181818 4 -39.3181818181818 15 4 -40 0 5 -25 0.681818181818182 5 -25.6818181818182 1.36363636363636 5 -26.3636363636364 2.04545454545455 5 -27.0454545454545 2.72727272727273 5 -27.7272727272727 3.40909090909091 5 -28.4090909090909 4.09090909090909 5 -29.0909090909091 4.77272727272727 5 -29.7727272727273 5.45454545454545 5 -30.4545454545455 6.13636363636364 5 -31.1363636363636 6.81818181818182 5 -31.8181818181818 7.5 5 -32.5 8.18181818181818 5 -33.1818181818182 8.86363636363636 5 -33.8636363636364 9.54545454545454 5 -34.5454545454545 10.2272727272727 5 -35.2272727272727 10.9090909090909 5 -35.9090909090909 11.5909090909091 5 -36.5909090909091 12.2727272727273 5 -37.2727272727273 12.9545454545455 5 -37.9545454545455 13.6363636363636 5 -38.6363636363636 14.3181818181818 5 -39.3181818181818 15 5 -40
          
Option 3 - GMPE Library
gmm Sadigh97 Sadigh1997 strike-slip

Option 4 - GMPE GROUPS
gmmgroup Sadigh1997 1

Option 5 - MAGNITUDE SCALING RELATIONS
seismicity 1
delta S1 NM 2 8

Option 6 - Pre defined sites (Optional)
site1   -20 10 0 VS30 760
site2   -18 10 0 VS30 760
site3   -16 10 0 VS30 760                                                                                                                                                                                                                                                                                                                                                                                                                                                                                                                                                                                                                                                                                                            
site4   -14 10 0 VS30 760
site5   -12 10 0 VS30 760
site6   -10 10 0 VS30 760
site7    -8 10 0 VS30 760
site8    -6 10 0 VS30 760
site9    -4 10 0 VS30 760
site10   -2 10 0 VS30 760
site11    0 10 0 VS30 760
site12    2 10 0 VS30 760
site13    4 10 0 VS30 760
site14    6 10 0 VS30 760
site15    8 10 0 VS30 760
site16   10 10 0 VS30 760
site17   12 10 0 VS30 760
site18   14 10 0 VS30 760
site19   16 10 0 VS30 760
site20   18 10 0 VS30 760
site21   20 10 0 VS30 760
site22   22 10 0 VS30 760
site23   24 10 0 VS30 760
site24   26 10 0 VS30 760
site25   28 10 0 VS30 760
site26   30 10 0 VS30 760
site27   32 10 0 VS30 760
site28   34 10 0 VS30 760
site29   36 10 0 VS30 760
site30   38 10 0 VS30 760
site31   40 10 0 VS30 760
site32   42 10 0 VS30 760
site33   44 10 0 VS30 760
site34   46 10 0 VS30 760
site35   48 10 0 VS30 760
site36   50 10 0 VS30 760
site37   52 10 0 VS30 760
site38   54 10 0 VS30 760
site39   56 10 0 VS30 760
site40   58 10 0 VS30 760
site41   60 10 0 VS30 760