Option 0 - Global Parameters
Projection   : ECEF
Image        : 
Boundary     : 
ShearModulus : 3e11      #dyne/cm2
IM           : 0
im           : 
MaxDistance  : 500
MagDiscrete  : gauss 10
Sigma        : overwrite 0
PCE          : shuffle MC 500
IM1          : 0.01
IM2          : 1
Spatial      : 
Spectral     : 
SourceDeagg  : on
Clusters     : off 100 1

Option 1 - Logic Tree Weights
Geom Weight : 1
Gmpe Weight : 1
Mscl Weight : 1 

Option 2 - Source Geometry
geometry 1 # Ztor = 15, W = 30, L = 10, dip = 90°
#area1 S1 crustal strike-slip wc1994 0 1 10 2 2 0 rigid 0 -5 -15 0 -5 -45 0  5 -45 0  5 -15
#area2  S1 crustal strike-slip wc1994 0 1 | 0 90 | 10 30 | 2.01 2 | 0 -5 -15 
point2 S1 crustal strike-slip 1 0 0 -30 | 0 -5 -15 -0 -5 -16 -0 -5 -17 -0 -5 -18 -0 -5 -19 -0 -5 -20 -0 -5 -21 -0 -5 -22 -0 -5 -23 -0 -5 -24 -0 -5 -25 -0 -5 -26 -0 -5 -27 -0 -5 -28 -0 -5 -29 0 -5 -30 0 -5 -31 0 -5 -32 0 -5 -33 0 -5 -34 0 -5 -35 0 -5 -36 0 -5 -37 0 -5 -38 0 -5 -39 0 -5 -40 0 -5 -41 0 -5 -42 0 -5 -43 0 -5 -44 0 -5 -45 0 -4 -15 0 -4 -16 0 -4 -17 0 -4 -18 0 -4 -19 0 -4 -20 0 -4 -21 0 -4 -22 0 -4 -23 0 -4 -24 0 -4 -25 0 -4 -26 0 -4 -27 0 -4 -28 0 -4 -29 0 -4 -30 0 -4 -31 0 -4 -32 0 -4 -33 0 -4 -34 0 -4 -35 0 -4 -36 0 -4 -37 0 -4 -38 0 -4 -39 0 -4 -40 0 -4 -41 0 -4 -42 0 -4 -43 0 -4 -44 0 -4 -45 0 -3 -15 0 -3 -16 0 -3 -17 0 -3 -18 0 -3 -19 0 -3 -20 0 -3 -21 0 -3 -22 0 -3 -23 0 -3 -24 0 -3 -25 0 -3 -26 0 -3 -27 0 -3 -28 0 -3 -29 0 -3 -30 0 -3 -31 0 -3 -32 0 -3 -33 0 -3 -34 0 -3 -35 0 -3 -36 0 -3 -37 0 -3 -38 0 -3 -39 0 -3 -40 0 -3 -41 0 -3 -42 0 -3 -43 0 -3 -44 0 -3 -45 0 -2 -15 0 -2 -16 0 -2 -17 0 -2 -18 0 -2 -19 0 -2 -20 0 -2 -21 0 -2 -22 0 -2 -23 0 -2 -24 0 -2 -25 0 -2 -26 0 -2 -27 0 -2 -28 0 -2 -29 0 -2 -30 0 -2 -31 0 -2 -32 0 -2 -33 0 -2 -34 0 -2 -35 0 -2 -36 0 -2 -37 0 -2 -38 0 -2 -39 0 -2 -40 0 -2 -41 0 -2 -42 0 -2 -43 0 -2 -44 0 -2 -45 0 -1 -15 0 -1 -16 0 -1 -17 0 -1 -18 0 -1 -19 0 -1 -20 0 -1 -21 0 -1 -22 0 -1 -23 0 -1 -24 0 -1 -25 0 -1 -26 0 -1 -27 0 -1 -28 0 -1 -29 0 -1 -30 0 -1 -31 0 -1 -32 0 -1 -33 0 -1 -34 0 -1 -35 0 -1 -36 0 -1 -37 0 -1 -38 0 -1 -39 0 -1 -40 0 -1 -41 0 -1 -42 0 -1 -43 0 -1 -44 0 -1 -45 0 0 -15 0 0 -16 0 0 -17 0 0 -18 0 0 -19 0 0 -20 0 0 -21 0 0 -22 0 0 -23 0 0 -24 0 0 -25 0 0 -26 0 0 -27 0 0 -28 0 0 -29 0 0 -30 0 0 -31 0 0 -32 0 0 -33 0 0 -34 0 0 -35 0 0 -36 0 0 -37 0 0 -38 0 0 -39 0 0 -40 0 0 -41 0 0 -42 0 0 -43 0 0 -44 0 0 -45 0 1 -15 0 1 -16 0 1 -17 0 1 -18 0 1 -19 0 1 -20 0 1 -21 0 1 -22 0 1 -23 0 1 -24 0 1 -25 0 1 -26 0 1 -27 0 1 -28 0 1 -29 0 1 -30 0 1 -31 0 1 -32 0 1 -33 0 1 -34 0 1 -35 0 1 -36 0 1 -37 0 1 -38 0 1 -39 0 1 -40 0 1 -41 0 1 -42 0 1 -43 0 1 -44 0 1 -45 0 2 -15 0 2 -16 0 2 -17 0 2 -18 0 2 -19 0 2 -20 0 2 -21 0 2 -22 0 2 -23 0 2 -24 0 2 -25 0 2 -26 0 2 -27 0 2 -28 0 2 -29 0 2 -30 0 2 -31 0 2 -32 0 2 -33 0 2 -34 0 2 -35 0 2 -36 0 2 -37 0 2 -38 0 2 -39 0 2 -40 0 2 -41 0 2 -42 0 2 -43 0 2 -44 0 2 -45 0 3 -15 0 3 -16 0 3 -17 0 3 -18 0 3 -19 0 3 -20 0 3 -21 0 3 -22 0 3 -23 0 3 -24 0 3 -25 0 3 -26 0 3 -27 0 3 -28 0 3 -29 0 3 -30 0 3 -31 0 3 -32 0 3 -33 0 3 -34 0 3 -35 0 3 -36 0 3 -37 0 3 -38 0 3 -39 0 3 -40 0 3 -41 0 3 -42 0 3 -43 0 3 -44 0 3 -45 0 4 -15 0 4 -16 0 4 -17 0 4 -18 0 4 -19 0 4 -20 0 4 -21 0 4 -22 0 4 -23 0 4 -24 0 4 -25 0 4 -26 0 4 -27 0 4 -28 0 4 -29 0 4 -30 0 4 -31 0 4 -32 0 4 -33 0 4 -34 0 4 -35 0 4 -36 0 4 -37 0 4 -38 0 4 -39 0 4 -40 0 4 -41 0 4 -42 0 4 -43 0 4 -44 0 4 -45 0 5 -15 -0 5 -16 -0 5 -17 -0 5 -18 -0 5 -19 -0 5 -20 -0 5 -21 -0 5 -22 -0 5 -23 -0 5 -24 -0 5 -25 -0 5 -26 -0 5 -27 -0 5 -28 -0 5 -29 0 5 -30 0 5 -31 0 5 -32 0 5 -33 0 5 -34 0 5 -35 0 5 -36 0 5 -37 0 5 -38 0 5 -39 0 5 -40 0 5 -41 0 5 -42 0 5 -43 0 5 -44 0 5 -45
          
Option 3 - GMPE Library
gmm Sadigh97 Sadigh1997 strike-slip

Option 4 - GMPE GROUPS
gmmgroup Sadigh1997 1

Option 5 - MAGNITUDE SCALING RELATIONS
seismicity 1
delta S1 NM 2 8.0 

Option 6 - Pre defined sites (Optional)
site1   -20 0 0 VS30 760
site2   -18 0 0 VS30 760
site3   -16 0 0 VS30 760                                                                                                                                                                                                                                                                                                                                                                                                                                                                                                                                                                                                                                                                                                            
site4   -14 0 0 VS30 760
site5   -12 0 0 VS30 760
site6   -10 0 0 VS30 760
site7    -8 0 0 VS30 760
site8    -6 0 0 VS30 760
site9    -4 0 0 VS30 760
site10   -2 0 0 VS30 760
site11    0 0 0 VS30 760
site12    2 0 0 VS30 760
site13    4 0 0 VS30 760
site14    6 0 0 VS30 760
site15    8 0 0 VS30 760
site16   10 0 0 VS30 760
site17   12 0 0 VS30 760
site18   14 0 0 VS30 760
site19   16 0 0 VS30 760
site20   18 0 0 VS30 760
site21   20 0 0 VS30 760
site22   22 0 0 VS30 760
site23   24 0 0 VS30 760
site24   26 0 0 VS30 760
site25   28 0 0 VS30 760
site26   30 0 0 VS30 760
site27   32 0 0 VS30 760
site28   34 0 0 VS30 760
site29   36 0 0 VS30 760
site30   38 0 0 VS30 760
site31   40 0 0 VS30 760
site32   42 0 0 VS30 760
site33   44 0 0 VS30 760
site34   46 0 0 VS30 760
site35   48 0 0 VS30 760
site36   50 0 0 VS30 760
site37   52 0 0 VS30 760
site38   54 0 0 VS30 760
site39   56 0 0 VS30 760
site40   58 0 0 VS30 760
site41   60 0 0 VS30 760