Option 0 - Global Parameters
Projection   : ECEF
Image        : 
Boundary     : 
ShearModulus : 3e11      #dyne/cm2
IM           : 0
im           : 
MaxDistance  : 500
MagDiscrete  : gauss 10
Sigma        : overwrite 0
PCE          : shuffle MC 500
IM1          : 0.01
IM2          : 1
Spatial      : 
Spectral     : 
SourceDeagg  : on
Clusters     : off 100 1

Option 1 - Logic Tree Weights
Geom Weight : 1
Gmpe Weight : 1
Mscl Weight : 1 

Option 2 - Source Geometry
geometry 1 # Ztor = 15, W = 15*sqrt(2), L = 10, dip =-45° many nodes
#area1 S1 crustal strike-slip wc1994 0 1 10 6 2 0 rigid -5  0    -25  -5 -5    -30 -5 -10   -35 -5 -15   -40 5 -15   -40  5  0    -25          
#area1 S1 crustal strike-slip wc1994 0 1 10 6 2 0 rigid -5  0    -25   -5 -15   -40 5 -15   -40  5  0    -25          
#area2  S1 crustal strike-slip wc1994 0 1 | 90 45 | 10 21.213 | 2.01 2 | -5 0 -25
point2 S1 crustal strike-slip 1 0   -7.5000  -32.5000 | -5 0 -25 -5 -0.681818181818182 -25.6818181818182 -5 -1.36363636363636 -26.3636363636364 -5 -2.04545454545455 -27.0454545454545 -5 -2.72727272727273 -27.7272727272727 -5 -3.40909090909091 -28.4090909090909 -5 -4.09090909090909 -29.0909090909091 -5 -4.77272727272727 -29.7727272727273 -5 -5.45454545454545 -30.4545454545455 -5 -6.13636363636364 -31.1363636363636 -5 -6.81818181818182 -31.8181818181818 -5 -7.5 -32.5 -5 -8.18181818181818 -33.1818181818182 -5 -8.86363636363636 -33.8636363636364 -5 -9.54545454545454 -34.5454545454545 -5 -10.2272727272727 -35.2272727272727 -5 -10.9090909090909 -35.9090909090909 -5 -11.5909090909091 -36.5909090909091 -5 -12.2727272727273 -37.2727272727273 -5 -12.9545454545455 -37.9545454545455 -5 -13.6363636363636 -38.6363636363636 -5 -14.3181818181818 -39.3181818181818 -5 -15 -40 -4 -0 -25 -4 -0.681818181818182 -25.6818181818182 -4 -1.36363636363636 -26.3636363636364 -4 -2.04545454545455 -27.0454545454545 -4 -2.72727272727273 -27.7272727272727 -4 -3.40909090909091 -28.4090909090909 -4 -4.09090909090909 -29.0909090909091 -4 -4.77272727272727 -29.7727272727273 -4 -5.45454545454545 -30.4545454545455 -4 -6.13636363636364 -31.1363636363636 -4 -6.81818181818182 -31.8181818181818 -4 -7.5 -32.5 -4 -8.18181818181818 -33.1818181818182 -4 -8.86363636363636 -33.8636363636364 -4 -9.54545454545454 -34.5454545454545 -4 -10.2272727272727 -35.2272727272727 -4 -10.9090909090909 -35.9090909090909 -4 -11.5909090909091 -36.5909090909091 -4 -12.2727272727273 -37.2727272727273 -4 -12.9545454545455 -37.9545454545455 -4 -13.6363636363636 -38.6363636363636 -4 -14.3181818181818 -39.3181818181818 -4 -15 -40 -3 -0 -25 -3 -0.681818181818182 -25.6818181818182 -3 -1.36363636363636 -26.3636363636364 -3 -2.04545454545455 -27.0454545454545 -3 -2.72727272727273 -27.7272727272727 -3 -3.40909090909091 -28.4090909090909 -3 -4.09090909090909 -29.0909090909091 -3 -4.77272727272727 -29.7727272727273 -3 -5.45454545454545 -30.4545454545455 -3 -6.13636363636364 -31.1363636363636 -3 -6.81818181818182 -31.8181818181818 -3 -7.5 -32.5 -3 -8.18181818181818 -33.1818181818182 -3 -8.86363636363636 -33.8636363636364 -3 -9.54545454545454 -34.5454545454545 -3 -10.2272727272727 -35.2272727272727 -3 -10.9090909090909 -35.9090909090909 -3 -11.5909090909091 -36.5909090909091 -3 -12.2727272727273 -37.2727272727273 -3 -12.9545454545455 -37.9545454545455 -3 -13.6363636363636 -38.6363636363636 -3 -14.3181818181818 -39.3181818181818 -3 -15 -40 -2 -0 -25 -2 -0.681818181818182 -25.6818181818182 -2 -1.36363636363636 -26.3636363636364 -2 -2.04545454545455 -27.0454545454545 -2 -2.72727272727273 -27.7272727272727 -2 -3.40909090909091 -28.4090909090909 -2 -4.09090909090909 -29.0909090909091 -2 -4.77272727272727 -29.7727272727273 -2 -5.45454545454545 -30.4545454545455 -2 -6.13636363636364 -31.1363636363636 -2 -6.81818181818182 -31.8181818181818 -2 -7.5 -32.5 -2 -8.18181818181818 -33.1818181818182 -2 -8.86363636363636 -33.8636363636364 -2 -9.54545454545454 -34.5454545454545 -2 -10.2272727272727 -35.2272727272727 -2 -10.9090909090909 -35.9090909090909 -2 -11.5909090909091 -36.5909090909091 -2 -12.2727272727273 -37.2727272727273 -2 -12.9545454545455 -37.9545454545455 -2 -13.6363636363636 -38.6363636363636 -2 -14.3181818181818 -39.3181818181818 -2 -15 -40 -1 -0 -25 -1 -0.681818181818182 -25.6818181818182 -1 -1.36363636363636 -26.3636363636364 -1 -2.04545454545455 -27.0454545454545 -1 -2.72727272727273 -27.7272727272727 -1 -3.40909090909091 -28.4090909090909 -1 -4.09090909090909 -29.0909090909091 -1 -4.77272727272727 -29.7727272727273 -1 -5.45454545454545 -30.4545454545455 -1 -6.13636363636364 -31.1363636363636 -1 -6.81818181818182 -31.8181818181818 -1 -7.5 -32.5 -1 -8.18181818181818 -33.1818181818182 -1 -8.86363636363636 -33.8636363636364 -1 -9.54545454545454 -34.5454545454545 -1 -10.2272727272727 -35.2272727272727 -1 -10.9090909090909 -35.9090909090909 -1 -11.5909090909091 -36.5909090909091 -1 -12.2727272727273 -37.2727272727273 -1 -12.9545454545455 -37.9545454545455 -1 -13.6363636363636 -38.6363636363636 -1 -14.3181818181818 -39.3181818181818 -1 -15 -40 0 0 -25 0 -0.681818181818182 -25.6818181818182 0 -1.36363636363636 -26.3636363636364 0 -2.04545454545455 -27.0454545454545 0 -2.72727272727273 -27.7272727272727 0 -3.40909090909091 -28.4090909090909 0 -4.09090909090909 -29.0909090909091 0 -4.77272727272727 -29.7727272727273 0 -5.45454545454545 -30.4545454545455 0 -6.13636363636364 -31.1363636363636 0 -6.81818181818182 -31.8181818181818 0 -7.5 -32.5 0 -8.18181818181818 -33.1818181818182 0 -8.86363636363636 -33.8636363636364 0 -9.54545454545454 -34.5454545454545 0 -10.2272727272727 -35.2272727272727 0 -10.9090909090909 -35.9090909090909 0 -11.5909090909091 -36.5909090909091 0 -12.2727272727273 -37.2727272727273 0 -12.9545454545455 -37.9545454545455 0 -13.6363636363636 -38.6363636363636 0 -14.3181818181818 -39.3181818181818 0 -15 -40 1 0 -25 1 -0.681818181818182 -25.6818181818182 1 -1.36363636363636 -26.3636363636364 1 -2.04545454545455 -27.0454545454545 1 -2.72727272727273 -27.7272727272727 1 -3.40909090909091 -28.4090909090909 1 -4.09090909090909 -29.0909090909091 1 -4.77272727272727 -29.7727272727273 1 -5.45454545454545 -30.4545454545455 1 -6.13636363636364 -31.1363636363636 1 -6.81818181818182 -31.8181818181818 1 -7.5 -32.5 1 -8.18181818181818 -33.1818181818182 1 -8.86363636363636 -33.8636363636364 1 -9.54545454545454 -34.5454545454545 1 -10.2272727272727 -35.2272727272727 1 -10.9090909090909 -35.9090909090909 1 -11.5909090909091 -36.5909090909091 1 -12.2727272727273 -37.2727272727273 1 -12.9545454545455 -37.9545454545455 1 -13.6363636363636 -38.6363636363636 1 -14.3181818181818 -39.3181818181818 1 -15 -40 2 0 -25 2 -0.681818181818182 -25.6818181818182 2 -1.36363636363636 -26.3636363636364 2 -2.04545454545455 -27.0454545454545 2 -2.72727272727273 -27.7272727272727 2 -3.40909090909091 -28.4090909090909 2 -4.09090909090909 -29.0909090909091 2 -4.77272727272727 -29.7727272727273 2 -5.45454545454545 -30.4545454545455 2 -6.13636363636364 -31.1363636363636 2 -6.81818181818182 -31.8181818181818 2 -7.5 -32.5 2 -8.18181818181818 -33.1818181818182 2 -8.86363636363636 -33.8636363636364 2 -9.54545454545454 -34.5454545454545 2 -10.2272727272727 -35.2272727272727 2 -10.9090909090909 -35.9090909090909 2 -11.5909090909091 -36.5909090909091 2 -12.2727272727273 -37.2727272727273 2 -12.9545454545455 -37.9545454545455 2 -13.6363636363636 -38.6363636363636 2 -14.3181818181818 -39.3181818181818 2 -15 -40 3 0 -25 3 -0.681818181818182 -25.6818181818182 3 -1.36363636363636 -26.3636363636364 3 -2.04545454545455 -27.0454545454545 3 -2.72727272727273 -27.7272727272727 3 -3.40909090909091 -28.4090909090909 3 -4.09090909090909 -29.0909090909091 3 -4.77272727272727 -29.7727272727273 3 -5.45454545454545 -30.4545454545455 3 -6.13636363636364 -31.1363636363636 3 -6.81818181818182 -31.8181818181818 3 -7.5 -32.5 3 -8.18181818181818 -33.1818181818182 3 -8.86363636363636 -33.8636363636364 3 -9.54545454545454 -34.5454545454545 3 -10.2272727272727 -35.2272727272727 3 -10.9090909090909 -35.9090909090909 3 -11.5909090909091 -36.5909090909091 3 -12.2727272727273 -37.2727272727273 3 -12.9545454545455 -37.9545454545455 3 -13.6363636363636 -38.6363636363636 3 -14.3181818181818 -39.3181818181818 3 -15 -40 4 0 -25 4 -0.681818181818182 -25.6818181818182 4 -1.36363636363636 -26.3636363636364 4 -2.04545454545455 -27.0454545454545 4 -2.72727272727273 -27.7272727272727 4 -3.40909090909091 -28.4090909090909 4 -4.09090909090909 -29.0909090909091 4 -4.77272727272727 -29.7727272727273 4 -5.45454545454545 -30.4545454545455 4 -6.13636363636364 -31.1363636363636 4 -6.81818181818182 -31.8181818181818 4 -7.5 -32.5 4 -8.18181818181818 -33.1818181818182 4 -8.86363636363636 -33.8636363636364 4 -9.54545454545454 -34.5454545454545 4 -10.2272727272727 -35.2272727272727 4 -10.9090909090909 -35.9090909090909 4 -11.5909090909091 -36.5909090909091 4 -12.2727272727273 -37.2727272727273 4 -12.9545454545455 -37.9545454545455 4 -13.6363636363636 -38.6363636363636 4 -14.3181818181818 -39.3181818181818 4 -15 -40 5 0 -25 5 -0.681818181818182 -25.6818181818182 5 -1.36363636363636 -26.3636363636364 5 -2.04545454545455 -27.0454545454545 5 -2.72727272727273 -27.7272727272727 5 -3.40909090909091 -28.4090909090909 5 -4.09090909090909 -29.0909090909091 5 -4.77272727272727 -29.7727272727273 5 -5.45454545454545 -30.4545454545455 5 -6.13636363636364 -31.1363636363636 5 -6.81818181818182 -31.8181818181818 5 -7.5 -32.5 5 -8.18181818181818 -33.1818181818182 5 -8.86363636363636 -33.8636363636364 5 -9.54545454545454 -34.5454545454545 5 -10.2272727272727 -35.2272727272727 5 -10.9090909090909 -35.9090909090909 5 -11.5909090909091 -36.5909090909091 5 -12.2727272727273 -37.2727272727273 5 -12.9545454545455 -37.9545454545455 5 -13.6363636363636 -38.6363636363636 5 -14.3181818181818 -39.3181818181818 5 -15 -40

Option 3 - GMPE Library
gmm Sadigh97 Sadigh1997 strike-slip

Option 4 - GMPE GROUPS
gmmgroup Sadigh1997 1

Option 5 - MAGNITUDE SCALING RELATIONS
seismicity 1
delta S1 NM 2 7.0 

Option 6 - Pre defined sites (Optional)
site1   0 -20 0 VS30 760
site2   0 -18 0 VS30 760
site3   0 -16 0 VS30 760                                                                                                                                                                                                                                                                                                                                                                                                                                                                                                                                                                                                                                                                                                            
site4   0 -14 0 VS30 760
site5   0 -12 0 VS30 760
site6   0 -10 0 VS30 760
site7   0  -8 0 VS30 760
site8   0  -6 0 VS30 760
site9   0  -4 0 VS30 760
site10  0  -2 0 VS30 760
site11  0   0 0 VS30 760
site12  0   2 0 VS30 760
site13  0   4 0 VS30 760
site14  0   6 0 VS30 760
site15  0   8 0 VS30 760
site16  0  10 0 VS30 760
site17  0  12 0 VS30 760
site18  0  14 0 VS30 760
site19  0  16 0 VS30 760
site20  0  18 0 VS30 760
site21  0  20 0 VS30 760
site22  0  22 0 VS30 760
site23  0  24 0 VS30 760
site24  0  26 0 VS30 760
site25  0  28 0 VS30 760
site26  0  30 0 VS30 760
site27  0  32 0 VS30 760
site28  0  34 0 VS30 760
site29  0  36 0 VS30 760
site30  0  38 0 VS30 760
site31  0  40 0 VS30 760
site32  0  42 0 VS30 760
site33  0  44 0 VS30 760
site34  0  46 0 VS30 760
site35  0  48 0 VS30 760
site36  0  50 0 VS30 760
site37  0  52 0 VS30 760
site38  0  54 0 VS30 760
site39  0  56 0 VS30 760
site40  0  58 0 VS30 760
site41  0  60 0 VS30 760