Option 0 - Global Parameters
Projection   : WGS84
Image        : DistanceBatch1.mat
Boundary     : 
ShearModulus : 3e11      #dyne/cm2
IM           : 0
im           : 
MaxDistance  : 500
MagDiscrete  : gauss 10
Sigma        : overwrite 0
PCE          : shuffle MC 500
IM1          : 0.01
IM2          : 1
Spatial      : 
Spectral     : 
SourceDeagg  : on
Clusters     : off 100 1

Option 1 - Logic Tree Weights
Geom Weight : 1
Gmpe Weight : 1
Mscl Weight : 1 

Option 2 - Source Geometry
geometry 1 # Ztor = 15, W = 15*sqrt(2), L = 10, dip = 45°East
#area1 S1 crustal strike-slip wc1994 0 1 | 45 25 40  2  0 0   rigid | -71 -30      -71 -29.909
#area2  S1 crustal strike-slip wc1994 0 1 | 0 45 | 10 21.213 | 2.01 2 | -71 -30 -25
point2 S1 crustal strike-slip 1 -70.9217663805961 -29.9544658385213 -32.5038069530395 -71 -30.000000000033 -24.9999999978991 -70.9857895852883 -30.0000087168132 -26.3651062555591 -70.9715730646595 -30.0000159024899 -27.729919102263 -70.9573504359288 -30.0000215550811 -29.0944383489486 -70.943121696913 -30.0000256726027 -30.4586638064366 -70.9288868454296 -30.0000282530691 -31.8225952854255 -70.9146458792974 -30.0000292944925 -33.186232596493 -70.9003987963366 -30.0000287948834 -34.5495755500906 -70.8861455943681 -30.0000267522504 -35.9126239565485 -70.8718862712143 -30.0000231646003 -37.2753776260815 -70.8576208246986 -30.000018029938 -38.6378363687736 -70.8433492526457 -30.0000113462666 -39.9999999945921 -71 -29.9848334246203 -25.0011082188794 -70.9857917434304 -29.9848388679202 -26.3662147168843 -70.9715773827979 -29.9848427796367 -27.7310278037594 -70.9573569159191 -29.9848451577886 -29.0955472904461 -70.9431303406113 -29.9848460003928 -30.4597729877651 -70.9288976546933 -29.9848453054645 -31.8237047064122 -70.9146588559849 -29.9848430710168 -33.1873422569624 -70.9004139423071 -29.9848392950612 -34.5506854498717 -70.886162911482 -29.9848339756071 -35.9137340954676 -70.8719057613329 -29.9848271106623 -37.2764880039631 -70.8576424896842 -29.9848186982326 -38.6389469854439 -70.8433730943615 -29.9848087363218 -40.0011108498757 -71 -29.9696668098579 -25.0017731529288 -70.9857939009171 -29.9696689796519 -26.3668797955897 -70.9715816996248 -29.9696696173826 -27.7316930269299 -70.9573633939407 -29.9696687210695 -29.0962126578879 -70.9431389816831 -29.9696662887305 -30.4604384992863 -70.9289084606718 -29.9696623183816 -31.8243703618191 -70.9146718287275 -29.9696568080369 -33.1880080560632 -70.9004290836723 -29.9696497557087 -34.5513513924707 -70.8861802233293 -29.9696411594075 -35.9144001813711 -70.8719252455228 -29.9696310171418 -37.2771542329747 -70.857664148078 -29.9696193269182 -38.6396133573699 -70.8433969288218 -29.9696060867418 -40.0017773645186 -71 -29.9545001578818 -25.0019947988822 -70.9857960577487 -29.9544990541459 -26.3671014905094 -70.9715860151408 -29.9544964178664 -27.7319147706048 -70.9573698699946 -29.954492247064 -29.0964344501062 -70.9431476201296 -29.9544865397574 -30.4606603398315 -70.9289192633665 -29.9544792939635 -31.8245922504793 -70.9146847975271 -29.9544705076972 -33.1882299926228 -70.9004442204344 -29.9544601789719 -34.5515733767152 -70.8861975299125 -29.9544483057987 -35.9146222130876 -70.8719447237867 -29.9544348861872 -37.2773763119449 -70.8576857998832 -29.954419918145 -38.6398354833791 -70.8434207560299 -29.954403399678 -40.0019995373505 -71 -29.9393334708282 -25.0017731556682 -70.9857982139256 -29.9393290935395 -26.3668798005738 -70.9715903293463 -29.9393231832271 -27.731693033712 -70.9573763440816 -29.9393157379125 -29.0962126660252 -70.9431562559519 -29.9393067556153 -30.4604385083267 -70.9289300627789 -29.9392962343532 -31.824370371316 -70.9146977623855 -29.9392841721422 -33.1880080655674 -70.9004593525954 -29.9392705669964 -34.5513514015311 -70.886214831234 -29.939255416928 -35.9144001895384 -70.8719641961273 -29.9392387199473 -37.2771542397959 -70.8577074451028 -29.939220474063 -38.6396133623921 -70.8434445759891 -29.9392006772816 -40.0017773672898 -71 -29.9241667508331 -25.0011082223082 -70.985800369448 -29.9241590999703 -26.3662147248024 -70.9715946422421 -29.9241499156035 -27.7310278152736 -70.9573828162027 -29.9241391957552 -29.0955473046652 -70.9431648891514 -29.9241269384457 -30.4597730037913 -70.9289408589107 -29.9241131416938 -31.8237047233497 -70.9147107233044 -29.9240978035163 -33.1873422739136 -70.9004744801575 -29.9240809219282 -34.5506854659343 -70.8862321272961 -29.9240624949426 -35.9137341097403 -70.8719836625474 -29.9240425205707 -37.2764880155437 -70.8577290837397 -29.9240209968221 -38.6389469934238 -70.8434683887027 -29.9239979217043 -40.0011108533517 -71 -29.9090000000328 -24.9999999979173 -70.9858025243162 -29.9089890755759 -26.3651062623067 -70.9715989538287 -29.9089766171347 -27.7299191144002 -70.9573892863588 -29.9089626227324 -29.0944383651376 -70.9431735197291 -29.9089470903905 -30.458663825335 -70.9289516517631 -29.9089300181285 -31.8225953056899 -70.9147236802857 -29.9089114039641 -33.1862326167711 -70.9004896031227 -29.9088912459131 -34.5495755690335 -70.8862494181012 -29.9088695419898 -35.9126239728048 -70.8720031230495 -29.9088462902061 -37.2753776382942 -70.857750715797 -29.9088214885725 -38.6378363755866 -70.8434921941741 -29.9087951350974 -39.9999999946422        

Option 3 - GMPE Library
gmm Sadigh97 Sadigh1997 strike-slip

Option 4 - GMPE GROUPS
gmmgroup Sadigh1997 1

Option 5 - MAGNITUDE SCALING RELATIONS
seismicity 1
delta S1 NM 2 8

Option 6 - Pre defined sites (Optional)
site1   -71.2071890185456  -29.9545 0 VS30 760 
site2   -71.1864700974082  -29.9545 0 VS30 760 
site3   -71.1657511823204  -29.9545 0 VS30 760 
site4   -71.1450322726944  -29.9545 0 VS30 760 
site5   -71.1243133677874  -29.9545 0 VS30 760 
site6   -71.1035944669413  -29.9545 0 VS30 760 
site7   -71.0828755694974  -29.9545 0 VS30 760 
site8   -71.0621566747431  -29.9545 0 VS30 760 
site9   -71.0414377820388  -29.9545 0 VS30 760 
site10    -71.02071889068  -29.9545 0 VS30 760 
site11  -70.9987827690927  -29.9545 0 VS30 760 
site12  -70.9792811093189  -29.9545 0 VS30 760 
site13  -70.9585622179672  -29.9545 0 VS30 760 
site14  -70.9378433252484  -29.9545 0 VS30 760 
site15  -70.9171244305069  -29.9545 0 VS30 760 
site16   -70.896405533057  -29.9545 0 VS30 760 
site17  -70.8756866322077  -29.9545 0 VS30 760 
site18  -70.8549677273279  -29.9545 0 VS30 760 
site19  -70.8342488176582  -29.9545 0 VS30 760 
site20  -70.8135299026032  -29.9545 0 VS30 760 
site21  -70.7928109814469  -29.9545 0 VS30 760 
site22  -70.7720920534987  -29.9545 0 VS30 760 
site23  -70.7513731181599  -29.9545 0 VS30 760 
site24  -70.7306541746028  -29.9545 0 VS30 760 
site25  -70.7099352223033  -29.9545 0 VS30 760 
site26  -70.6892162605041  -29.9545 0 VS30 760 
site27  -70.6684972885259  -29.9545 0 VS30 760 
site28  -70.6477783057907  -29.9545 0 VS30 760 
site29  -70.6270593114159  -29.9545 0 VS30 760 
site30  -70.6063403049406  -29.9545 0 VS30 760 
site31  -70.5856212855616  -29.9545 0 VS30 760 
site32   -70.564902252622  -29.9545 0 VS30 760 
site33  -70.5441832055513  -29.9545 0 VS30 760 
site34  -70.5234641434294  -29.9545 0 VS30 760 
site35  -70.5027450658467  -29.9545 0 VS30 760 
site36  -70.4820259719508  -29.9545 0 VS30 760 
site37  -70.4613068611179  -29.9545 0 VS30 760 
site38  -70.4405877327743  -29.9545 0 VS30 760 
site39   -70.419868585973  -29.9545 0 VS30 760 
site40  -70.3991494203508  -29.9545 0 VS30 760 
site41  -70.3784302350002  -29.9545 0 VS30 760 