Option 0 - Global Parameters
Projection   : WGS84
Image        : DistanceBatch1.mat
Boundary     : 
ShearModulus : 3e11      #dyne/cm2
IM           : 0
im           : 
MaxDistance  : 500
MagDiscrete  : gauss 10
Sigma        : overwrite 0
PCE          : shuffle MC 500
IM1          : 0.01
IM2          : 1
Spatial      : 
Spectral     : 
SourceDeagg  : on
Clusters     : off 100 1

Option 1 - Logic Tree Weights
Geom Weight : 1
Gmpe Weight : 1
Mscl Weight : 1 

Option 2 - Source Geometry
geometry 1 # Ztor = 15, W = 15*sqrt(2), L = 10, dip =-45° many nodes
#area1 S1 crustal strike-slip wc1994 0 1 | 45 25 40  2  1 0   rigid | -71 -30   -70.8963583077425 -30 
#area2  S1 crustal strike-slip wc1994 0 1 | 90 45 | 10 21.213 | 2.01 2 | -71 -30 -25
point2 S1 crustal strike-slip 1 -70.9481791538712 -30.0681313425898 -32.5040183942827 -71 -30.000000000033 -24.9999999978991 -71.0000087785805 -30.0061838877487 -25.6825937208123 -71.0000175601354 -30.0123691042779 -26.365113741509 -71.000026344666 -30.0185556499019 -27.0475600361997 -71.000035132174 -30.0247435249024 -27.7299325810818 -71.0000439226608 -30.0309327295609 -28.4122313523503 -71.000052716128 -30.0371232641588 -29.0944563261874 -71.000061512577 -30.0433151289776 -29.7766074787733 -71.0000703120094 -30.049508324299 -30.4586847862756 -71.0000791144267 -30.0557028504043 -31.1406882248575 -71.0000879198305 -30.061898707575 -31.8226177706729 -71.0000967282222 -30.0680958960927 -32.5044733998693 -71.0001055396033 -30.0742944162388 -33.1862550885853 -71.0001143539754 -30.0804942682948 -33.8679628129539 -71.0001231713401 -30.0866954525421 -34.5495965490982 -71.0001319916987 -30.0928979692622 -35.2311562731338 -71.000140815053 -30.0991018187367 -35.9126419611694 -71.0001496414043 -30.1053070012468 -36.594053589306 -71.0001584707542 -30.1115135170741 -37.2753911336376 -71.0001673031042 -30.1177213665 -37.9566545702519 -71.000176138456 -30.1239305498059 -38.6378438752236 -71.0001849768109 -30.1301410672733 -39.3189590246229 -71.0001938181706 -30.1363529191835 -39.9999999945176 -70.9896358348437 -30.0000036716533 -25.0007021816582 -70.9896428577102 -30.0061875610705 -25.6832959797748 -70.9896498829562 -30.0123727793019 -26.3658160756822 -70.9896569105828 -30.0185593266291 -27.0482624455908 -70.9896639405912 -30.0247472033336 -27.7306350656991 -70.9896709729828 -30.0309364096969 -28.412933912201 -70.9896780077586 -30.0371269460006 -29.0951589612796 -70.9896850449199 -30.0433188125261 -29.7773101891135 -70.9896920844679 -30.0495120095549 -30.4593875718756 -70.9896991264038 -30.0557065373685 -31.1413910857218 -70.9897061707289 -30.0619023962485 -31.8233207068097 -70.9897132174443 -30.0680995864763 -32.5051764112895 -70.9897202665513 -30.0742981083334 -33.1869581752935 -70.9897273180511 -30.0804979621012 -33.8686659749565 -70.9897343719449 -30.0866991480613 -34.5502997864069 -70.9897414282339 -30.0929016664951 -35.2318595857541 -70.9897484869194 -30.099105517684 -35.9133453491095 -70.9897555480025 -30.1053107019095 -36.594757052575 -70.9897626114845 -30.111517219453 -37.2760946722437 -70.9897696773667 -30.117725070596 -37.9573581841996 -70.9897767456501 -30.1239342556199 -38.6385475645247 -70.9897838163362 -30.1301447748061 -39.3196627892821 -70.989790889426 -30.1363566284361 -40.0007038345429 -70.9792716669745 -30.000006527359 -25.0012483246355 -70.9792769341256 -30.0061904180994 -25.6838421812427 -70.9792822030612 -30.0123756376549 -26.3663623356479 -70.9792874737824 -30.0185621863067 -27.0488087640588 -70.9792927462899 -30.0247500643366 -27.7311814426766 -70.9792980205848 -30.0309392720259 -28.4134803476945 -70.9793032966678 -30.0371298096563 -29.0957054552928 -70.97930857454 -30.0433216775091 -29.7778567416553 -70.9793138542022 -30.049514875866 -30.4599341829498 -70.9793191356554 -30.0557094050084 -31.1419377553375 -70.9793244189004 -30.0619052652178 -31.8238674349714 -70.9793297039382 -30.0681024567756 -32.5057231980009 -70.9793349907697 -30.0743009799635 -33.1875050205645 -70.9793402793957 -30.0805008350628 -33.8692128787925 -70.9793455698173 -30.086702022355 -34.5508467488107 -70.9793508620353 -30.0929045421215 -35.2324066067358 -70.9793561560506 -30.0991083946439 -35.9138924286735 -70.9793614518642 -30.1053135802036 -36.5953041907278 -70.9793667494769 -30.111520099082 -37.2766418689907 -70.9793720488898 -30.1177279515605 -37.9579054395481 -70.9793773501036 -30.1239371379206 -38.6390948784783 -70.9793826531193 -30.1301476584437 -39.3202101618508 -70.9793879579379 -30.1363595134113 -40.0012512657295 -70.9689074970705 -30.0000085671492 -25.0016384267929 -70.9689110085051 -30.0061924588349 -25.6842323251785 -70.9689145211295 -30.012377679336 -26.3667525213659 -70.9689180349442 -30.0185642289341 -27.0491989915645 -70.9689215499497 -30.0247521079106 -27.7315717119745 -70.9689250661469 -30.0309413165471 -28.4138706587883 -70.9689285835362 -30.0371318551251 -29.0960958081905 -70.9689321021182 -30.0433237239261 -29.778247136358 -70.9689356218936 -30.0495169232316 -30.4603246194611 -70.968939142863 -30.0557114533231 -31.1423282336618 -70.9689426650269 -30.061907314482 -31.8242579551143 -70.968946188386 -30.06810450699 -32.5061137599678 -70.9689497129409 -30.0743030311284 -33.1878956243581 -70.9689532386922 -30.0805028871787 -33.8696035244175 -70.9689567656404 -30.0867040754224 -34.5512374362715 -70.9689602937863 -30.092906596141 -35.2327973360379 -70.9689638231305 -30.0991104496158 -35.9142831998197 -70.9689673536734 -30.1053156361285 -36.5956950037216 -70.9689708854159 -30.1115221559603 -37.2770327238386 -70.9689744183583 -30.1177300093928 -37.9582963362527 -70.9689779525014 -30.1239391967074 -38.6394858170452 -70.9689814878459 -30.1301497181854 -39.3206011422844 -70.9689850243922 -30.1363615741084 -40.0016422880344 -70.95854332581 -30.0000097910236 -25.0018724880965 -70.9585450815275 -30.0061936832764 -25.6844664115506 -70.9585468378398 -30.0123789043449 -26.3669866328082 -70.9585485947473 -30.0185654545107 -27.0494331280806 -70.9585503522503 -30.0247533340552 -27.7318058735655 -70.9585521103491 -30.03094254326 -28.4141048454567 -70.9585538690439 -30.0371330824066 -29.0963300199392 -70.9585556283351 -30.0433249517765 -29.7784813731887 -70.9585573882229 -30.0495181516511 -30.4605588813793 -70.9585591487078 -30.0557126823121 -31.1425625206684 -70.9585609097899 -30.0619085440408 -31.824492267212 -70.9585626714697 -30.0681057371188 -32.5063480971585 -70.9585644337473 -30.0743042618275 -33.1881299866454 -70.9585661966231 -30.0805041184484 -33.8698379118032 -70.9585679600974 -30.086705307263 -34.5514718487593 -70.9585697241705 -30.0929078285528 -35.2330317736278 -70.9585714888428 -30.0991116825992 -35.9145176625198 -70.9585732541144 -30.1053168696836 -36.5959294915301 -70.9585750199858 -30.1115233900875 -37.2772672367582 -70.9585767864572 -30.1177312440924 -37.958530874289 -70.9585785535289 -30.1239404319796 -38.639720380198 -70.9585803212013 -30.1301509540306 -39.3208357305566 -70.9585820894747 -30.1363628105268 -40.0018769014287 -70.9481791538713 -30.0000101989817 -25.0019505085338 -70.9481791538713 -30.0061940914236 -25.6845444403434 -70.9481791538713 -30.0123793126813 -26.3670646699566 -70.9481791538713 -30.0185658630363 -27.0495111735872 -70.9481791538713 -30.0247537427702 -27.7318839274303 -70.9481791538713 -30.0309429521644 -28.4141829076807 -70.9481791538713 -30.0371334915005 -29.0964080905233 -70.9481791538713 -30.04332536106 -29.7785594521347 -70.9481791538713 -30.0495185611244 -30.4606369686862 -70.9481791538713 -30.0557130919751 -31.1426406163382 -70.9481791538713 -30.0619089538937 -31.8245703712464 -70.9481791538713 -30.0681061471617 -32.5064262095575 -70.9481791538713 -30.0743046720605 -33.18820810741 -70.9481791538713 -30.0805045288717 -33.8699160409351 -70.9481791538713 -30.0867057178766 -34.5515499862586 -70.9481791538713 -30.0929082393568 -35.2331099194953 -70.9481791538713 -30.0991120935937 -35.9145958167537 -70.9481791538713 -30.1053172808687 -36.5960076541351 -70.9481791538713 -30.1115238014633 -37.2773454077351 -70.9481791538713 -30.1177316556589 -37.9586090536359 -70.9481791538713 -30.123940843737 -38.6397985679168 -70.9481791538713 -30.130151365979 -39.3209139266492 -70.9481791538713 -30.1363632226663 -40.0019551058967 -70.9378149819325 -30.0000097910236 -25.0018724880965 -70.937813226215 -30.0061936832764 -25.6844664115497 -70.9378114699027 -30.0123789043449 -26.3669866328082 -70.9378097129952 -30.0185654545107 -27.0494331280797 -70.9378079554922 -30.0247533340552 -27.7318058735655 -70.9378061973934 -30.03094254326 -28.4141048454558 -70.9378044386986 -30.0371330824066 -29.0963300199392 -70.9378026794074 -30.0433249517765 -29.7784813731896 -70.9378009195196 -30.0495181516511 -30.4605588813793 -70.9377991590347 -30.0557126823121 -31.1425625206684 -70.9377973979526 -30.0619085440408 -31.824492267212 -70.9377956362729 -30.0681057371188 -32.5063480971585 -70.9377938739952 -30.0743042618275 -33.1881299866454 -70.9377921111194 -30.0805041184484 -33.8698379118032 -70.9377903476451 -30.086705307263 -34.5514718487593 -70.937788583572 -30.0929078285528 -35.2330317736278 -70.9377868188997 -30.0991116825992 -35.9145176625188 -70.9377850536281 -30.1053168696836 -36.5959294915301 -70.9377832877567 -30.1115233900875 -37.2772672367601 -70.9377815212853 -30.1177312440924 -37.958530874289 -70.9377797542136 -30.1239404319796 -38.6397203801971 -70.9377779865412 -30.1301509540306 -39.3208357305575 -70.9377762182678 -30.1363628105268 -40.0018769014287 -70.927450810672 -30.0000085671492 -25.0016384267929 -70.9274472992374 -30.0061924588349 -25.6842323251785 -70.927443786613 -30.012377679336 -26.3667525213659 -70.9274402727984 -30.0185642289341 -27.0491989915636 -70.9274367577927 -30.0247521079106 -27.7315717119745 -70.9274332415956 -30.0309413165471 -28.4138706587873 -70.9274297242063 -30.0371318551251 -29.0960958081905 -70.9274262056243 -30.0433237239261 -29.778247136358 -70.9274226858489 -30.0495169232316 -30.4603246194611 -70.9274191648796 -30.0557114533231 -31.1423282336618 -70.9274156427156 -30.061907314482 -31.8242579551143 -70.9274121193565 -30.06810450699 -32.506113759966 -70.9274085948016 -30.0743030311284 -33.1878956243572 -70.9274050690503 -30.0805028871787 -33.8696035244184 -70.9274015421021 -30.0867040754224 -34.5512374362715 -70.9273980139562 -30.092906596141 -35.232797336037 -70.927394484612 -30.0991104496158 -35.9142831998197 -70.9273909540691 -30.1053156361285 -36.5956950037225 -70.9273874223267 -30.1115221559603 -37.2770327238395 -70.9273838893842 -30.1177300093928 -37.9582963362536 -70.9273803552411 -30.1239391967074 -38.6394858170452 -70.9273768198966 -30.1301497181854 -39.3206011422853 -70.9273732833503 -30.1363615741084 -40.0016422880344 -70.917086640768 -30.000006527359 -25.0012483246355 -70.917081373617 -30.0061904180994 -25.6838421812427 -70.9170761046813 -30.0123756376549 -26.3663623356479 -70.9170708339601 -30.0185621863067 -27.0488087640579 -70.9170655614526 -30.0247500643366 -27.7311814426757 -70.9170602871577 -30.0309392720259 -28.4134803476936 -70.9170550110747 -30.0371298096563 -29.0957054552928 -70.9170497332025 -30.0433216775091 -29.7778567416553 -70.9170444535403 -30.049514875866 -30.4599341829498 -70.9170391720871 -30.0557094050084 -31.1419377553375 -70.9170338888421 -30.0619052652178 -31.8238674349705 -70.9170286038043 -30.0681024567756 -32.5057231980009 -70.9170233169728 -30.0743009799635 -33.1875050205635 -70.9170180283468 -30.0805008350628 -33.8692128787925 -70.9170127379252 -30.086702022355 -34.5508467488098 -70.9170074457072 -30.0929045421215 -35.2324066067349 -70.9170021516919 -30.0991083946439 -35.9138924286735 -70.9169968558783 -30.1053135802036 -36.5953041907287 -70.9169915582656 -30.111520099082 -37.2766418689907 -70.9169862588527 -30.1177279515605 -37.9579054395481 -70.9169809576389 -30.1239371379206 -38.6390948784783 -70.9169756546232 -30.1301476584437 -39.3202101618508 -70.9169703498046 -30.1363595134113 -40.0012512657295 -70.9067224728988 -30.0000036716533 -25.0007021816573 -70.9067154500323 -30.0061875610705 -25.6832959797739 -70.9067084247863 -30.0123727793019 -26.3658160756822 -70.9067013971598 -30.0185593266291 -27.0482624455899 -70.9066943671513 -30.0247472033336 -27.7306350656991 -70.9066873347598 -30.0309364096969 -28.4129339122001 -70.906680299984 -30.0371269460006 -29.0951589612796 -70.9066732628227 -30.0433188125261 -29.7773101891135 -70.9066662232746 -30.0495120095549 -30.4593875718747 -70.9066591813387 -30.0557065373685 -31.1413910857209 -70.9066521370136 -30.0619023962485 -31.8233207068097 -70.9066450902982 -30.0680995864763 -32.5051764112877 -70.9066380411912 -30.0742981083334 -33.1869581752935 -70.9066309896914 -30.0804979621012 -33.8686659749574 -70.9066239357976 -30.0866991480613 -34.550299786405 -70.9066168795086 -30.0929016664951 -35.2318595857541 -70.9066098208231 -30.099105517684 -35.9133453491095 -70.90660275974 -30.1053107019095 -36.594757052575 -70.906595696258 -30.111517219453 -37.2760946722437 -70.9065886303758 -30.117725070596 -37.9573581841996 -70.9065815620923 -30.1239342556199 -38.6385475645238 -70.9065744914063 -30.1301447748061 -39.3196627892821 -70.9065674183165 -30.1363566284361 -40.0007038345429 -70.8963583077425 -30.000000000033 -24.9999999978982 -70.896349529162 -30.0061838877487 -25.6825937208105 -70.8963407476071 -30.0123691042779 -26.365113741509 -70.8963319630765 -30.0185556499019 -27.0475600361988 -70.8963231755685 -30.0247435249024 -27.7299325810809 -70.8963143850817 -30.0309327295609 -28.4122313523485 -70.8963055916145 -30.0371232641588 -29.0944563261874 -70.8962967951655 -30.0433151289776 -29.7766074787733 -70.8962879957331 -30.049508324299 -30.4586847862756 -70.8962791933158 -30.0557028504043 -31.1406882248566 -70.896270387912 -30.061898707575 -31.8226177706729 -70.8962615795203 -30.0680958960927 -32.5044733998684 -70.8962527681392 -30.0742944162388 -33.1862550885853 -70.8962439537671 -30.0804942682948 -33.8679628129539 -70.8962351364024 -30.0866954525421 -34.5495965490963 -70.8962263160438 -30.0928979692622 -35.2311562731338 -70.8962174926895 -30.0991018187367 -35.9126419611694 -70.8962086663382 -30.1053070012468 -36.594053589306 -70.8961998369883 -30.1115135170741 -37.2753911336376 -70.8961910046382 -30.1177213665 -37.9566545702519 -70.8961821692865 -30.1239305498059 -38.6378438752226 -70.8961733309316 -30.1301410672733 -39.3189590246229 -70.8961644895719 -30.1363529191835 -39.9999999945176

Option 3 - GMPE Library
gmm Sadigh97 Sadigh1997 strike-slip

Option 4 - GMPE GROUPS
gmmgroup Sadigh1997 1

Option 5 - MAGNITUDE SCALING RELATIONS
seismicity 1
delta S1 NM 2 8.0 

Option 6 - Pre defined sites (Optional)
site1   -70.94817915  -30.1804176177623 0 VS30 760 
site2   -70.94817915  -30.1623760664092 0 VS30 760 
site3   -70.94817915   -30.144334469433 0 VS30 760 
site4   -70.94817915  -30.1262928264043 0 VS30 760 
site5   -70.94817915  -30.1082511368935 0 VS30 760 
site6   -70.94817915  -30.0902094004711 0 VS30 760 
site7   -70.94817915  -30.0721676167077 0 VS30 760 
site8   -70.94817915  -30.0541257851738 0 VS30 760 
site9   -70.94817915  -30.0360839054399 0 VS30 760 
site10  -70.94817915  -30.0180419770766 0 VS30 760 
site11  -70.94817915  -29.9999999996544 0 VS30 760 
site12  -70.94817915  -29.9819579727439 0 VS30 760 
site13  -70.94817915  -29.9639158959157 0 VS30 760 
site14  -70.94817915  -29.9458737687403 0 VS30 760 
site15  -70.94817915  -29.9278315907884 0 VS30 760 
site16  -70.94817915  -29.9097893616305 0 VS30 760 
site17  -70.94817915  -29.8917470808374 0 VS30 760 
site18  -70.94817915  -29.8737047479795 0 VS30 760 
site19  -70.94817915  -29.8556623626276 0 VS30 760 
site20  -70.94817915  -29.8376199243523 0 VS30 760 
site21  -70.94817915  -29.8195774327242 0 VS30 760 
site22  -70.94817915  -29.8015348873141 0 VS30 760 
site23  -70.94817915  -29.7834922876925 0 VS30 760 
site24  -70.94817915  -29.7654496334301 0 VS30 760 
site25  -70.94817915  -29.7474069240978 0 VS30 760 
site26  -70.94817915   -29.729364159266 0 VS30 760 
site27  -70.94817915  -29.7113213385057 0 VS30 760 
site28  -70.94817915  -29.6932784613874 0 VS30 760 
site29  -70.94817915  -29.6752355274819 0 VS30 760 
site30  -70.94817915  -29.6571925363599 0 VS30 760 
site31  -70.94817915  -29.6391494875922 0 VS30 760 
site32  -70.94817915  -29.6211063807496 0 VS30 760 
site33  -70.94817915  -29.6030632154027 0 VS30 760 
site34  -70.94817915  -29.5850199911223 0 VS30 760 
site35  -70.94817915  -29.5669767074793 0 VS30 760 
site36  -70.94817915  -29.5489333640443 0 VS30 760 
site37  -70.94817915  -29.5308899603883 0 VS30 760 
site38  -70.94817915  -29.5128464960819 0 VS30 760 
site39  -70.94817915   -29.494802970696 0 VS30 760 
site40  -70.94817915  -29.4767593838014 0 VS30 760 
site41  -70.94817915  -29.4587157349689 0 VS30 760 