Option 0 - Global Parameters
Projection   : WGS84
Image        : DistanceBatch1.mat
Boundary     : 
ShearModulus : 3e11      #dyne/cm2
IM           : 0
im           : 
MaxDistance  : 500
MagDiscrete  : gauss 10
Sigma        : overwrite 0
PCE          : shuffle MC 500
IM1          : 0.01
IM2          : 1
Spatial      : 
Spectral     : 
SourceDeagg  : on
Clusters     : off 100 1

Option 1 - Logic Tree Weights
Geom Weight : 1
Gmpe Weight : 1
Mscl Weight : 1 

Option 2 - Source Geometry
geometry 1 # Ztor = 15, W = 30, L = 10, dip = 90°
#area1 S1 crustal strike-slip wc1994 0 1 | 90 15 45  2  0 0   rigid | -71 -30  -71 -29.909
#area2  S1 crustal strike-slip wc1994 0 1 | 0 90 | 10 30 | 2.01 2 | -71 -30 -15 
point2 S1 crustal strike-slip 1 -71 -29.9545000878155 -30.0011073435427 | -71 -30.0000000000118 -14.9999999992469 -71 -30.0000000000152 -16.9999999990305 -71 -30.000000000019 -18.9999999987886 -71 -30.0000000000232 -20.9999999985175 -71 -30.0000000000279 -22.9999999982219 -71 -30.000000000033 -24.9999999978991 -71 -30.0000000000385 -26.9999999975471 -71 -30.0000000000445 -28.9999999971678 -71 -30.0000000000509 -30.9999999967604 -71 -30.0000000000577 -32.9999999963275 -71 -30.000000000065 -34.9999999958663 -71 -30.0000000000727 -36.999999995377 -71 -30.0000000000808 -38.9999999948595 -71 -30.0000000000894 -40.9999999943166 -71 -30.0000000000984 -42.9999999937445 -71 -30.0000000001079 -44.9999999931442 -71 -29.9848334244607 -15.0011099719859 -71 -29.9848334244918 -17.0011096214184 -71 -29.9848334245232 -19.0011092708228 -71 -29.9848334245551 -21.0011089202026 -71 -29.9848334245875 -23.0011085695542 -71 -29.9848334246203 -25.0011082188785 -71 -29.9848334246536 -27.0011078681746 -71 -29.9848334246873 -29.0011075174434 -71 -29.9848334247214 -31.0011071666868 -71 -29.9848334247561 -33.001106815901 -71 -29.9848334247911 -35.0011064650871 -71 -29.9848334248266 -37.0011061142477 -71 -29.9848334248626 -39.0011057633783 -71 -29.9848334248991 -41.0011054124834 -71 -29.984833424936 -43.0011050615594 -71 -29.9848334249733 -45.0011047106082 -71 -29.9696668096153 -15.001775957091 -71 -29.9696668096629 -17.001775396312 -71 -29.969666809711 -19.0017748355076 -71 -29.9696668097595 -21.001774274675 -71 -29.9696668098085 -23.0017737138141 -71 -29.9696668098579 -25.0017731529279 -71 -29.9696668099078 -27.0017725920143 -71 -29.9696668099582 -29.0017720310725 -71 -29.969666810009 -31.0017714701034 -71 -29.9696668100603 -33.0017709091071 -71 -29.969666810112 -35.0017703480844 -71 -29.9696668101642 -37.0017697870326 -71 -29.9696668102169 -39.0017692259526 -71 -29.96966681027 -41.0017686648471 -71 -29.9696668103236 -43.0017681037143 -71 -29.9696668103777 -45.0017675425506 -71 -29.9545001576116 -15.0019979533954 -71 -29.9545001576647 -17.0019973225462 -71 -29.9545001577183 -19.0019966916707 -71 -29.9545001577724 -21.0019960607688 -71 -29.9545001578269 -23.0019954298386 -71 -29.9545001578818 -25.0019947988822 -71 -29.9545001579373 -27.0019941678975 -71 -29.9545001579932 -29.0019935368873 -71 -29.9545001580495 -31.0019929058471 -71 -29.9545001581063 -33.0019922747815 -71 -29.9545001581636 -35.0019916436886 -71 -29.9545001582214 -37.0019910125666 -71 -29.9545001582796 -39.00199038142 -71 -29.9545001583383 -41.0019897502425 -71 -29.9545001583975 -43.0019891190395 -71 -29.9545001584572 -45.0019884878075 -71 -29.9393334705857 -15.0017759598268 -71 -29.9393334706333 -17.0017753990496 -71 -29.9393334706813 -19.0017748382452 -71 -29.9393334707298 -21.0017742774126 -71 -29.9393334707788 -23.0017737165545 -71 -29.9393334708282 -25.0017731556682 -71 -29.9393334708781 -27.0017725947555 -71 -29.9393334709284 -29.0017720338146 -71 -29.9393334709792 -31.0017714728474 -71 -29.9393334710304 -33.0017709118538 -71 -29.9393334710822 -35.0017703508302 -71 -29.9393334711343 -37.0017697897802 -71 -29.939333471187 -39.0017692287029 -71 -29.9393334712401 -41.0017686675992 -71 -29.9393334712937 -43.0017681064664 -71 -29.9393334713478 -45.0017675453073 -71 -29.9241667506737 -15.0011099754074 -71 -29.9241667507047 -17.0011096248418 -71 -29.9241667507361 -19.0011092742479 -71 -29.924166750768 -21.0011089236286 -71 -29.9241667508003 -23.001108572982 -71 -29.9241667508331 -25.0011082223082 -71 -29.9241667508663 -27.001107871607 -71 -29.9241667509 -29.0011075208786 -71 -29.9241667509341 -31.0011071701229 -71 -29.9241667509687 -33.0011068193407 -71 -29.9241667510037 -35.0011064685314 -71 -29.9241667510392 -37.0011061176929 -71 -29.9241667510752 -39.0011057668289 -71 -29.9241667511116 -41.0011054159359 -71 -29.9241667511484 -43.0011050650164 -71 -29.9241667511857 -45.001104714067 -71 -29.9090000000117 -14.9999999992524 -71 -29.9090000000151 -16.9999999990396 -71 -29.9090000000189 -18.9999999987995 -71 -29.9090000000231 -20.999999998533 -71 -29.9090000000277 -22.9999999982383 -71 -29.9090000000328 -24.9999999979173 -71 -29.9090000000383 -26.9999999975689 -71 -29.9090000000442 -28.9999999971933 -71 -29.9090000000506 -30.9999999967904 -71 -29.9090000000574 -32.9999999963611 -71 -29.9090000000646 -34.9999999959036 -71 -29.9090000000723 -36.9999999954198 -71 -29.9090000000804 -38.9999999949068 -71 -29.9090000000889 -40.9999999943684 -71 -29.9090000000979 -42.9999999938 -71 -29.9090000001073 -44.999999993207
         
Option 3 - GMPE Library
gmm Sadigh97 Sadigh1997 strike-slip

Option 4 - GMPE GROUPS
gmmgroup Sadigh1997 1

Option 5 - MAGNITUDE SCALING RELATIONS
seismicity 1
delta S1 NM 2 8

Option 6 - Pre defined sites (Optional)
site1   -71.2071890185456  -29.9545 0 VS30 760 
site2   -71.1864700974082  -29.9545 0 VS30 760 
site3   -71.1657511823204  -29.9545 0 VS30 760 
site4   -71.1450322726944  -29.9545 0 VS30 760 
site5   -71.1243133677874  -29.9545 0 VS30 760 
site6   -71.1035944669413  -29.9545 0 VS30 760 
site7   -71.0828755694974  -29.9545 0 VS30 760 
site8   -71.0621566747431  -29.9545 0 VS30 760 
site9   -71.0414377820388  -29.9545 0 VS30 760 
site10    -71.02071889068  -29.9545 0 VS30 760 
site11  -70.9987827690927  -29.9545 0 VS30 760 
site12  -70.9792811093189  -29.9545 0 VS30 760 
site13  -70.9585622179672  -29.9545 0 VS30 760 
site14  -70.9378433252484  -29.9545 0 VS30 760 
site15  -70.9171244305069  -29.9545 0 VS30 760 
site16   -70.896405533057  -29.9545 0 VS30 760 
site17  -70.8756866322077  -29.9545 0 VS30 760 
site18  -70.8549677273279  -29.9545 0 VS30 760 
site19  -70.8342488176582  -29.9545 0 VS30 760 
site20  -70.8135299026032  -29.9545 0 VS30 760 
site21  -70.7928109814469  -29.9545 0 VS30 760 
site22  -70.7720920534987  -29.9545 0 VS30 760 
site23  -70.7513731181599  -29.9545 0 VS30 760 
site24  -70.7306541746028  -29.9545 0 VS30 760 
site25  -70.7099352223033  -29.9545 0 VS30 760 
site26  -70.6892162605041  -29.9545 0 VS30 760 
site27  -70.6684972885259  -29.9545 0 VS30 760 
site28  -70.6477783057907  -29.9545 0 VS30 760 
site29  -70.6270593114159  -29.9545 0 VS30 760 
site30  -70.6063403049406  -29.9545 0 VS30 760 
site31  -70.5856212855616  -29.9545 0 VS30 760 
site32   -70.564902252622  -29.9545 0 VS30 760 
site33  -70.5441832055513  -29.9545 0 VS30 760 
site34  -70.5234641434294  -29.9545 0 VS30 760 
site35  -70.5027450658467  -29.9545 0 VS30 760 
site36  -70.4820259719508  -29.9545 0 VS30 760 
site37  -70.4613068611179  -29.9545 0 VS30 760 
site38  -70.4405877327743  -29.9545 0 VS30 760 
site39   -70.419868585973  -29.9545 0 VS30 760 
site40  -70.3991494203508  -29.9545 0 VS30 760 
site41  -70.3784302350002  -29.9545 0 VS30 760 