Option 0 - Global Parameters
Projection   : WGS84
Image        : DistanceBatch1.mat
Boundary     : 
ShearModulus : 3e11      #dyne/cm2
IM           : 0
im           : 
MaxDistance  : 500
MagDiscrete  : gauss 10
Sigma        : overwrite 0
PCE          : shuffle MC 500
IM1          : 0.01
IM2          : 1
Spatial      : 
Spectral     : 
SourceDeagg  : on
Clusters     : off 100 1

Option 1 - Logic Tree Weights
Geom Weight : 1
Gmpe Weight : 1
Mscl Weight : 1 

Option 2 - Source Geometry
geometry 1 # Ztor = 15, W = 15*sqrt(2), L = 10, dip = 45°West
#area1 S1 crustal strike-slip wc1994 0 1 | 45 25 40  2  0 0   rigid | -71 -29.909  -71 -30  
#area2  S1 crustal strike-slip wc1994 0 1 | 180 45 | 10 21.213 | 2.01 2 | -71 -29.909 -25
point2 S1 crustal strike-slip 1 -71.0782336194039 -29.9544658385213 -32.5038069530395 -71 -29.9090000000328 -24.9999999979173 -71.0141974756837 -29.9089890755759 -26.3651062623067 -71.0284010461713 -29.9089766171347 -27.7299191144002 -71.0426107136412 -29.9089626227324 -29.0944383651376 -71.0568264802709 -29.9089470903905 -30.458663825334 -71.0710483482369 -29.9089300181285 -31.822595305689 -71.0852763197143 -29.9089114039641 -33.1862326167711 -71.0995103968773 -29.9088912459131 -34.5495755690335 -71.1137505818988 -29.9088695419898 -35.9126239728048 -71.1279968769505 -29.9088462902061 -37.2753776382933 -71.142249284203 -29.9088214885725 -38.6378363755848 -71.1565078058259 -29.9087951350974 -39.9999999946422 -71 -29.9241667508331 -25.0011082223082 -71.014199630552 -29.9241590999703 -26.3662147248015 -71.0284053577579 -29.9241499156035 -27.7310278152745 -71.0426171837973 -29.9241391957552 -29.0955473046652 -71.0568351108486 -29.9241269384457 -30.4597730037904 -71.0710591410893 -29.9241131416938 -31.8237047233497 -71.0852892766956 -29.9240978035163 -33.1873422739136 -71.0995255198425 -29.9240809219282 -34.5506854659343 -71.1137678727039 -29.9240624949426 -35.9137341097412 -71.1280163374526 -29.9240425205707 -37.2764880155437 -71.1422709162603 -29.9240209968221 -38.6389469934247 -71.1565316112973 -29.9239979217043 -40.0011108533499 -71 -29.9393334708282 -25.0017731556682 -71.0142017860744 -29.9393290935395 -26.3668798005738 -71.0284096706537 -29.9393231832271 -27.7316930337111 -71.0426236559184 -29.9393157379125 -29.0962126660233 -71.0568437440481 -29.9393067556153 -30.4604385083267 -71.0710699372211 -29.9392962343532 -31.824370371316 -71.0853022376145 -29.9392841721422 -33.1880080655674 -71.0995406474045 -29.9392705669964 -34.5513514015302 -71.113785168766 -29.939255416928 -35.9144001895384 -71.1280358038727 -29.9392387199473 -37.2771542397959 -71.1422925548972 -29.939220474063 -38.6396133623921 -71.1565554240109 -29.9392006772816 -40.0017773672898 -71 -29.9545001578818 -25.0019947988822 -71.0142039422513 -29.9544990541459 -26.3671014905085 -71.0284139848592 -29.9544964178664 -27.7319147706057 -71.0426301300054 -29.954492247064 -29.0964344501062 -71.0568523798705 -29.9544865397574 -30.4606603398315 -71.0710807366335 -29.9544792939635 -31.8245922504793 -71.0853152024729 -29.9544705076972 -33.1882299926228 -71.0995557795656 -29.9544601789719 -34.5515733767152 -71.1138024700875 -29.9544483057987 -35.9146222130876 -71.1280552762133 -29.9544348861872 -37.2773763119449 -71.1423142001168 -29.954419918145 -38.63983548338 -71.1565792439701 -29.954403399678 -40.0019995373505 -71 -29.9696668098579 -25.0017731529288 -71.0142060990829 -29.969668979652 -26.3668797955897 -71.0284183003752 -29.9696696173826 -27.731693026929 -71.0426366060593 -29.9696687210695 -29.0962126578879 -71.0568610183169 -29.9696662887305 -30.4604384992863 -71.0710915393282 -29.9696623183816 -31.8243703618191 -71.0853281712725 -29.9696568080369 -33.1880080560632 -71.0995709163277 -29.9696497557087 -34.5513513924707 -71.1138197766707 -29.9696411594075 -35.914400181372 -71.1280747544772 -29.9696310171418 -37.2771542329765 -71.142335851922 -29.9696193269182 -38.6396133573699 -71.1566030711782 -29.9696060867418 -40.0017773645195 -71 -29.9848334246203 -25.0011082188794 -71.0142082565696 -29.9848388679202 -26.3662147168843 -71.028422617202 -29.9848427796367 -27.7310278037585 -71.0426430840809 -29.9848451577885 -29.0955472904461 -71.0568696593887 -29.9848460003928 -30.4597729877651 -71.0711023453067 -29.9848453054645 -31.8237047064122 -71.0853411440151 -29.9848430710168 -33.1873422569633 -71.0995860576929 -29.9848392950612 -34.5506854498717 -71.113837088518 -29.9848339756071 -35.9137340954676 -71.1280942386671 -29.9848271106623 -37.2764880039631 -71.1423575103158 -29.9848186982326 -38.6389469854439 -71.1566269056385 -29.9848087363218 -40.0011108498757 -71 -30.000000000033 -24.9999999978991 -71.0142104147116 -30.0000087168132 -26.3651062555591 -71.0284269353405 -30.0000159024899 -27.729919102263 -71.0426495640711 -30.0000215550811 -29.0944383489486 -71.056878303087 -30.0000256726027 -30.4586638064375 -71.0711131545704 -30.0000282530691 -31.8225952854255 -71.0853541207026 -30.0000292944925 -33.186232596493 -71.0996012036634 -30.0000287948834 -34.5495755500906 -71.1138544056319 -30.0000267522504 -35.9126239565485 -71.1281137287857 -30.0000231646003 -37.2753776260815 -71.1423791753014 -30.000018029938 -38.6378363687745 -71.1566507473543 -30.0000113462666 -39.9999999945921
          
Option 3 - GMPE Library
gmm Sadigh97 Sadigh1997 strike-slip

Option 4 - GMPE GROUPS
gmmgroup Sadigh1997 1

Option 5 - MAGNITUDE SCALING RELATIONS
seismicity 1
delta S1 NM 2 8

Option 6 - Pre defined sites (Optional)
site1   -71.2071890185456  -29.9545 0 VS30 760 
site2   -71.1864700974082  -29.9545 0 VS30 760 
site3   -71.1657511823204  -29.9545 0 VS30 760 
site4   -71.1450322726944  -29.9545 0 VS30 760 
site5   -71.1243133677874  -29.9545 0 VS30 760 
site6   -71.1035944669413  -29.9545 0 VS30 760 
site7   -71.0828755694974  -29.9545 0 VS30 760 
site8   -71.0621566747431  -29.9545 0 VS30 760 
site9   -71.0414377820388  -29.9545 0 VS30 760 
site10    -71.02071889068  -29.9545 0 VS30 760 
site11  -70.9987827690927  -29.9545 0 VS30 760 
site12  -70.9792811093189  -29.9545 0 VS30 760 
site13  -70.9585622179672  -29.9545 0 VS30 760 
site14  -70.9378433252484  -29.9545 0 VS30 760 
site15  -70.9171244305069  -29.9545 0 VS30 760 
site16   -70.896405533057  -29.9545 0 VS30 760 
site17  -70.8756866322077  -29.9545 0 VS30 760 
site18  -70.8549677273279  -29.9545 0 VS30 760 
site19  -70.8342488176582  -29.9545 0 VS30 760 
site20  -70.8135299026032  -29.9545 0 VS30 760 
site21  -70.7928109814469  -29.9545 0 VS30 760 
site22  -70.7720920534987  -29.9545 0 VS30 760 
site23  -70.7513731181599  -29.9545 0 VS30 760 
site24  -70.7306541746028  -29.9545 0 VS30 760 
site25  -70.7099352223033  -29.9545 0 VS30 760 
site26  -70.6892162605041  -29.9545 0 VS30 760 
site27  -70.6684972885259  -29.9545 0 VS30 760 
site28  -70.6477783057907  -29.9545 0 VS30 760 
site29  -70.6270593114159  -29.9545 0 VS30 760 
site30  -70.6063403049406  -29.9545 0 VS30 760 
site31  -70.5856212855616  -29.9545 0 VS30 760 
site32   -70.564902252622  -29.9545 0 VS30 760 
site33  -70.5441832055513  -29.9545 0 VS30 760 
site34  -70.5234641434294  -29.9545 0 VS30 760 
site35  -70.5027450658467  -29.9545 0 VS30 760 
site36  -70.4820259719508  -29.9545 0 VS30 760 
site37  -70.4613068611179  -29.9545 0 VS30 760 
site38  -70.4405877327743  -29.9545 0 VS30 760 
site39   -70.419868585973  -29.9545 0 VS30 760 
site40  -70.3991494203508  -29.9545 0 VS30 760 
site41  -70.3784302350002  -29.9545 0 VS30 760 